0.001	20	0.5	2 days, 14:57:52	0	32879	0	
0.001	20	0.5	12 days, 13:26:54	80	19814	1	
0.001	20	0.5	21 days, 10:26:23	0	32879	0	
0.001	20	0.5	4 days, 22:21:09	0	32879	0	
0.001	20	0.5	13 days, 22:53:49	135	18918	1	
0.001	20	0.5	179 days, 15:17:01	26	32879	0	
0.001	20	0.5	14 days, 21:16:43	65	32879	0	
0.001	20	0.5	6 days, 15:12:41	117	8365	1	
0.001	20	0.5	1 day, 23:45:29	24	32879	0	
0.001	20	0.5	498 days, 19:26:31	0	32879	0	
0.001	20	0.5	89 days, 21:15:17	0	32879	0	
0.001	20	0.5	7 days, 18:22:52	0	32879	0	
0.001	20	0.5	1 day, 23:47:57	0	32879	0	
0.001	20	0.5	1 day, 23:47:43	1	32879	0	
0.001	20	0.5	13 days, 3:28:20	0	32879	0	
0.001	20	0.5	4 days, 18:12:13	53	14793	1	
0.001	20	0.5	145 days, 17:36:41	90	2621	1	
0.001	20	0.5	54 days, 0:17:06	47	2621	1	
0.001	20	0.5	4 days, 18:40:58	114	26141	1	
0.001	20	0.5	3 days, 20:10:37	78	26273	1	
0.001	20	0.5	5 days, 22:06:49	157	7472	1	
0.001	20	0.5	29 days, 20:32:54	1	32879	0	
0.001	20	0.5	3 days, 3:40:01	127	7228	1	
0.001	20	0.5	7 days, 14:00:12	97	12670	1	
0.001	20	0.5	1 day, 20:47:46	1	32879	0	
0.001	20	0.5	7 days, 0:26:28	0	32879	0	
0.001	20	0.5	21 days, 12:11:37	82	24698	1	
0.001	20	0.5	28 days, 18:01:00	0	32879	0	
0.001	20	0.5	15 days, 23:30:32	0	32879	0	
0.001	20	0.5	29 days, 19:29:01	0	32879	0	
0.001	20	0.5	12 days, 22:56:05	0	32879	0	
0.001	20	0.5	498 days, 19:26:31	0	32879	0	
0.001	20	0.5	1 day, 20:12:23	80	6707	1	
0.001	20	0.5	13 days, 21:02:59	120	20063	1	
0.001	20	0.5	6 days, 1:31:49	0	32879	0	
0.001	20	0.5	127 days, 11:26:45	0	32879	0	
0.001	20	0.5	75 days, 3:51:41	125	13503	1	
0.001	20	0.5	21 days, 20:12:47	0	32879	0	
0.001	20	0.5	498 days, 19:26:31	0	32879	0	
0.001	20	0.5	1 day, 14:48:59	109	12670	1	
0.001	20	0.5	28 days, 19:18:41	1	32879	0	
0.001	20	0.5	5 days, 16:38:51	77	32879	0	
0.001	20	0.5	29 days, 20:20:53	0	32879	0	
0.001	20	0.5	4 days, 13:39:21	116	8365	1	
0.001	20	0.5	20 days, 23:42:54	0	32879	0	
0.001	20	0.5	498 days, 19:26:31	0	32879	0	
0.001	20	0.5	5 days, 20:17:09	1	32879	0	
0.001	20	0.5	203 days, 23:08:13	47	3717	1	
0.001	20	0.5	1 day, 0:09:25	42	29076	1	
0.001	20	0.5	25 days, 21:28:41	0	32879	0	
0.001	20	0.5	65 days, 21:20:58	46	2621	1	
0.001	20	0.5	28 days, 14:24:59	0	32879	0	
0.001	20	0.5	498 days, 19:26:31	0	32879	0	
0.001	20	0.5	498 days, 19:26:31	0	32879	0	
0.001	20	0.5	21 days, 15:29:56	0	32879	0	
0.001	20	0.5	351 days, 1:21:19	1	32879	0	
0.001	20	0.5	1 day, 23:48:43	0	32879	0	
0.001	20	0.5	20 days, 15:17:23	2	32879	0	
0.001	20	0.5	8 days, 16:51:47	91	13915	1	
0.001	20	0.5	3 days, 22:48:50	116	5802	1	
0.001	20	0.5	9 days, 7:11:49	166	13434	1	
0.001	20	0.5	2 days, 10:46:31	47	16305	1	
0.001	20	0.5	20 days, 21:39:43	0	32879	0	
0.001	20	0.5	6 days, 23:29:23	0	32879	0	
0.001	20	0.5	498 days, 19:26:31	0	32879	0	
0.001	20	0.5	5 days, 6:58:16	112	6707	1	
0.001	20	0.5	3 days, 17:41:09	107	29765	1	
0.001	20	0.5	3 days, 19:09:11	71	18656	1	
0.001	20	0.5	4 days, 21:43:07	100	17681	1	
0.001	20	0.5	26 days, 1:25:13	0	32879	0	
0.001	20	0.5	5 days, 18:28:55	100	28185	1	
0.001	20	0.5	1 day, 23:46:52	0	32879	0	
0.001	20	0.5	498 days, 19:26:31	0	32879	0	
0.001	20	0.5	334 days, 22:23:35	0	32879	0	
0.001	20	0.5	498 days, 19:26:31	0	32879	0	
0.001	20	0.5	2 days, 12:38:30	82	3232	1	
0.001	20	0.5	240 days, 20:43:47	121	6707	1	
0.001	20	0.5	1 day, 20:57:41	98	6707	1	
0.001	20	0.5	209 days, 2:04:36	36	32879	0	
0.001	20	0.5	20 days, 19:11:00	68	28459	1	
0.001	20	0.5	22 days, 18:57:15	0	32879	0	
0.001	20	0.5	2 days, 17:01:03	127	6707	1	
0.001	20	0.5	11 days, 21:23:38	0	32879	0	
0.001	20	0.5	498 days, 19:26:31	0	32879	0	
0.001	20	0.5	4 days, 23:31:26	86	27076	1	
0.001	20	0.5	6 days, 0:17:47	93	8747	1	
0.001	20	0.5	3 days, 20:48:12	153	7802	1	
0.001	20	0.5	15 days, 17:46:51	0	32879	0	
0.001	20	0.5	27 days, 19:43:22	0	32879	0	
0.001	20	0.5	1 day, 23:47:39	0	32879	0	
0.001	20	0.5	29 days, 21:38:29	3	32879	0	
0.001	20	0.5	6 days, 15:12:41	124	8365	1	
0.001	20	0.5	4 days, 4:17:24	105	11087	1	
0.001	20	0.5	2 days, 19:49:50	85	10655	1	
0.001	20	0.5	8 days, 14:24:02	0	32879	0	
0.001	20	0.5	4 days, 10:48:40	127	26558	1	
0.001	20	0.5	1 day, 15:48:34	0	32879	0	
0.001	20	0.5	498 days, 19:26:31	0	32879	0	
0.001	20	0.5	5 days, 0:14:11	104	26975	1	
0.001	20	0.5	27 days, 21:55:08	0	32879	0	
0.001	20	0.5	498 days, 19:26:31	0	32879	0	
0.001	20	0.5	7 days, 11:50:37	1	32879	0	
0.001	20	0.5	498 days, 19:26:31	0	32879	0	
0.001	20	0.5	28 days, 0:51:01	0	32879	0	
0.001	20	0.5	498 days, 19:26:31	0	32879	0	
0.001	20	0.5	11 days, 12:20:05	0	32879	0	
0.001	20	0.5	20 days, 23:42:54	0	32879	0	
0.001	20	0.5	18 days, 15:44:57	84	21908	1	
0.001	20	0.5	1 day, 10:09:43	137	13434	1	
0.001	20	0.5	3 days, 19:11:05	81	24955	1	
0.001	20	0.5	148 days, 19:23:09	0	32879	0	
0.001	20	0.5	498 days, 19:26:31	0	32879	0	
0.001	20	0.5	2 days, 7:12:01	118	5802	1	
0.001	20	0.5	5 days, 17:12:57	85	24698	1	
0.001	20	0.5	85 days, 15:10:53	1	32879	0	
0.001	20	0.5	6 days, 23:25:58	101	9196	1	
0.001	20	0.5	30 days, 19:23:50	0	32879	0	
0.001	20	0.5	4 days, 5:34:37	152	11950	1	
0.001	20	0.5	498 days, 19:26:31	0	32879	0	
0.001	20	0.5	8 days, 12:19:19	0	32879	0	
0.001	20	0.5	231 days, 6:43:22	0	32879	0	
0.001	20	0.5	4 days, 19:07:07	0	32879	0	
0.001	20	0.5	173 days, 6:17:35	1	32879	0	
0.001	20	0.5	498 days, 19:26:31	0	32879	0	
0.001	20	0.5	11 days, 22:43:12	0	32879	0	
0.001	20	0.5	14 days, 15:43:20	1	32879	0	
0.001	20	0.5	1 day, 23:48:14	0	32879	0	
0.001	20	0.5	498 days, 19:26:31	0	32879	0	
0.001	20	0.5	5 days, 7:01:18	80	8546	1	
0.001	20	0.5	3 days, 0:45:37	51	28835	1	
0.001	20	0.5	4 days, 23:36:14	100	7727	1	
0.001	20	0.5	3 days, 0:09:32	107	29774	1	
0.001	20	0.5	16 days, 1:24:18	16	32879	0	
0.001	20	0.5	6 days, 13:45:08	0	32879	0	
0.001	20	0.5	498 days, 19:26:31	0	32879	0	
0.001	20	0.5	14 days, 21:48:34	0	32879	0	
0.001	20	0.5	4 days, 22:21:09	0	32879	0	
0.001	20	0.5	18 days, 22:58:55	89	25621	1	
0.001	20	0.5	9 days, 16:42:34	89	15187	1	
0.001	20	0.5	207 days, 20:48:27	95	4361	1	
0.001	20	0.5	3 days, 15:54:09	148	8473	1	
0.001	20	0.5	3 days, 0:05:49	95	8365	1	
0.001	20	0.5	498 days, 19:26:31	0	32879	0	
0.001	20	0.5	1 day, 23:47:32	53	32879	0	
0.001	20	0.5	12 days, 12:52:39	0	32879	0	
0.001	20	0.5	22 days, 1:36:26	61	32879	0	
0.001	20	0.5	8 days, 18:01:38	82	15609	1	
0.001	20	0.5	15 days, 22:52:02	0	32879	0	
0.001	20	0.5	27 days, 13:08:40	0	32879	0	
0.001	20	0.5	4 days, 5:23:05	159	8365	1	
0.001	20	0.5	322 days, 21:19:57	0	32879	0	
0.001	20	0.5	1 day, 23:17:35	70	27925	1	
0.001	20	0.5	9 days, 1:30:21	83	12670	1	
0.001	20	0.5	22 days, 22:18:41	69	26838	1	
0.001	20	0.5	3 days, 0:59:20	110	21147	1	
0.001	20	0.5	498 days, 19:26:31	0	32879	0	
0.001	20	0.5	498 days, 19:26:31	0	32879	0	
0.001	20	0.5	217 days, 15:34:30	0	32879	0	
0.001	20	0.5	14 days, 8:28:57	1	32879	0	
0.001	20	0.5	3 days, 11:35:50	16	32879	0	
0.001	20	0.5	9 days, 21:47:01	71	24118	1	
0.001	20	0.5	1 day, 23:48:44	15	32879	0	
0.001	20	0.5	1 day, 20:54:18	72	27626	1	
0.001	20	0.5	2 days, 13:52:35	1	32879	0	
0.001	20	0.5	15 days, 23:34:20	169	20983	1	
0.001	20	0.5	285 days, 4:11:08	35	32879	0	
0.001	20	0.5	498 days, 19:26:31	0	32879	0	
0.001	20	0.5	1 day, 18:43:06	109	26578	1	
0.001	20	0.5	3 days, 11:43:46	140	7228	1	
0.001	20	0.5	498 days, 19:26:31	0	32879	0	
0.001	20	0.5	2 days, 3:22:51	0	32879	0	
0.001	20	0.5	27 days, 17:22:30	26	32879	0	
0.001	20	0.5	19 days, 1:19:47	0	32879	0	
0.001	20	0.5	12 days, 19:31:22	0	32879	0	
0.001	20	0.5	4 days, 19:15:46	0	32879	0	
0.001	20	0.5	498 days, 19:26:31	0	32879	0	
0.001	20	0.5	498 days, 19:26:31	0	32879	0	
0.001	20	0.5	498 days, 19:26:31	0	32879	0	
0.001	20	0.5	134 days, 15:45:38	164	8365	1	
0.001	20	0.5	2 days, 20:26:11	109	6707	1	
0.001	20	0.5	27 days, 20:02:58	6	32879	0	
0.001	20	0.5	200 days, 0:54:14	93	24952	1	
0.001	20	0.5	1 day, 23:47:50	65	32879	0	
0.001	20	0.5	23 days, 17:08:55	79	29774	1	
0.001	20	0.5	4 days, 20:27:46	85	19750	1	
0.001	20	0.5	4 days, 3:44:44	147	7727	1	
0.001	20	0.5	8 days, 19:14:03	0	32879	0	
0.001	20	0.5	498 days, 19:26:31	0	32879	0	
0.001	20	0.5	25 days, 18:31:29	0	32879	0	
0.001	20	0.5	8 days, 12:02:59	104	28459	1	
0.001	20	0.5	4 days, 19:07:07	0	32879	0	
0.001	20	0.5	3 days, 11:49:21	113	15548	1	
0.001	20	0.5	19 days, 20:24:03	0	32879	0	
0.001	20	0.5	3 days, 1:53:05	1	32879	0	
0.001	20	0.5	3 days, 8:41:52	79	7472	1	
0.001	20	0.5	6 days, 17:07:34	0	32879	0	
0.001	20	0.5	214 days, 15:43:18	1	32879	0	
0.001	20	0.5	265 days, 1:07:50	48	4434	1	
0.001	20	0.5	7 days, 0:40:28	126	8473	1	
0.001	20	0.5	1 day, 23:48:44	0	32879	0	
0.001	40	0.5	17:11:39	20	4895	1	
0.001	40	0.5	4 days, 3:16:05	39	15898	1	
0.001	40	0.5	498 days, 19:26:31	0	32879	0	
0.001	40	0.5	325 days, 1:32:54	49	7850	1	
0.001	40	0.5	16 days, 2:45:55	0	32879	0	
0.001	40	0.5	2 days, 19:44:17	23	6545	1	
0.001	40	0.5	267 days, 19:38:12	0	32879	0	
0.001	40	0.5	29 days, 20:20:53	1	32879	0	
0.001	40	0.5	1 day, 16:44:42	0	32879	0	
0.001	40	0.5	2 days, 23:45:47	27	4074	1	
0.001	40	0.5	1 day, 14:21:39	0	32879	0	
0.001	40	0.5	2 days, 18:10:40	27	9693	1	
0.001	40	0.5	15 days, 19:30:00	0	32879	0	
0.001	40	0.5	213 days, 0:50:36	27	14174	1	
0.001	40	0.5	15 days, 18:52:54	0	32879	0	
0.001	40	0.5	3 days, 0:34:36	87	28217	1	
0.001	40	0.5	498 days, 19:26:31	0	32879	0	
0.001	40	0.5	5 days, 13:04:19	37	23804	1	
0.001	40	0.5	25 days, 9:39:28	0	32879	0	
0.001	40	0.5	14:46:53	18	10829	1	
0.001	40	0.5	1 day, 23:48:28	0	32879	0	
0.001	40	0.5	27 days, 21:33:35	38	32777	1	
0.001	40	0.5	200 days, 19:24:18	2	32879	0	
0.001	40	0.5	20 days, 18:57:04	0	32879	0	
0.001	40	0.5	498 days, 19:26:31	0	32879	0	
0.001	40	0.5	2 days, 2:55:40	40	16435	1	
0.001	40	0.5	148 days, 19:23:09	0	32879	0	
0.001	40	0.5	24 days, 16:32:26	0	32879	0	
0.001	40	0.5	1 day, 23:46:52	0	32879	0	
0.001	40	0.5	6 days, 13:28:22	0	32879	0	
0.001	40	0.5	7 days, 16:57:03	67	15161	1	
0.001	40	0.5	2 days, 23:45:47	24	4074	1	
0.001	40	0.5	4 days, 22:17:59	0	32879	0	
0.001	40	0.5	24 days, 13:59:11	18	32879	0	
0.001	40	0.5	6 days, 20:40:58	36	17428	1	
0.001	40	0.5	15 days, 20:39:00	0	32879	0	
0.001	40	0.5	2 days, 12:33:25	52	14233	1	
0.001	40	0.5	498 days, 19:26:31	0	32879	0	
0.001	40	0.5	16 days, 3:56:26	0	32879	0	
0.001	40	0.5	3 days, 23:12:15	31	3515	1	
0.001	40	0.5	1 day, 16:19:52	22	2272	1	
0.001	40	0.5	19 days, 22:09:20	1	32879	0	
0.001	40	0.5	8 days, 23:01:36	0	32879	0	
0.001	40	0.5	1 day, 23:47:32	0	32879	0	
0.001	40	0.5	22 days, 15:53:35	52	28557	1	
0.001	40	0.5	15 days, 12:30:47	0	32879	0	
0.001	40	0.5	7 days, 5:51:20	22	11002	1	
0.001	40	0.5	498 days, 19:26:31	0	32879	0	
0.001	40	0.5	498 days, 19:26:31	0	32879	0	
0.001	40	0.5	210 days, 20:49:36	1	32879	0	
0.001	40	0.5	2 days, 0:06:04	36	3575	1	
0.001	40	0.5	498 days, 19:26:31	0	32879	0	
0.001	40	0.5	4 days, 16:57:33	38	18106	1	
0.001	40	0.5	7 days, 23:44:53	0	32879	0	
0.001	40	0.5	29 days, 21:49:43	0	32879	0	
0.001	40	0.5	1 day, 23:48:43	0	32879	0	
0.001	40	0.5	15 days, 21:15:17	0	32879	0	
0.001	40	0.5	21 days, 15:29:56	1	32879	0	
0.001	40	0.5	10 days, 2:33:33	56	28691	1	
0.001	40	0.5	3 days, 20:01:02	26	12420	1	
0.001	40	0.5	1 day, 11:41:10	28	15254	1	
0.001	40	0.5	1 day, 23:47:22	0	32879	0	
0.001	40	0.5	11 days, 15:15:33	0	32879	0	
0.001	40	0.5	2 days, 0:37:39	25	3459	1	
0.001	40	0.5	498 days, 19:26:31	0	32879	0	
0.001	40	0.5	1 day, 20:48:29	1	32879	0	
0.001	40	0.5	1 day, 7:01:40	38	32791	1	
0.001	40	0.5	498 days, 19:26:31	0	32879	0	
0.001	40	0.5	21 days, 20:05:05	0	32879	0	
0.001	40	0.5	25 days, 16:25:22	0	32879	0	
0.001	40	0.5	498 days, 19:26:31	0	32879	0	
0.001	40	0.5	3 days, 9:48:00	29	7075	1	
0.001	40	0.5	498 days, 19:26:31	0	32879	0	
0.001	40	0.5	498 days, 19:26:31	0	32879	0	
0.001	40	0.5	498 days, 19:26:31	0	32879	0	
0.001	40	0.5	174 days, 16:06:16	1	32879	0	
0.001	40	0.5	1 day, 18:44:35	29	15522	1	
0.001	40	0.5	19:06:21	25	15609	1	
0.001	40	0.5	498 days, 19:26:31	0	32879	0	
0.001	40	0.5	54 days, 5:10:24	33	3185	1	
0.001	40	0.5	1 day, 7:14:33	25	22630	1	
0.001	40	0.5	14 days, 17:31:53	0	32879	0	
0.001	40	0.5	1 day, 23:48:07	0	32879	0	
0.001	40	0.5	3:54:26	19	2634	1	
0.001	40	0.5	18:00:08	16	28369	1	
0.001	40	0.5	24 days, 19:36:12	31	32108	1	
0.001	40	0.5	6 days, 21:42:47	0	32879	0	
0.001	40	0.5	14 days, 18:24:37	0	32879	0	
0.001	40	0.5	7 days, 14:52:35	42	21024	1	
0.001	40	0.5	498 days, 19:26:31	0	32879	0	
0.001	40	0.5	83 days, 10:59:03	1	32879	0	
0.001	40	0.5	110 days, 0:48:20	1	32879	0	
0.001	40	0.5	2:30:24	16	9406	1	
0.001	40	0.5	238 days, 0:55:59	0	32879	0	
0.001	40	0.5	28 days, 8:14:15	0	32879	0	
0.001	40	0.5	10 days, 20:59:28	21	15658	1	
0.001	40	0.5	21 days, 0:13:57	0	32879	0	
0.001	40	0.5	348 days, 0:24:42	38	4163	1	
0.001	40	0.5	498 days, 19:26:31	0	32879	0	
0.001	40	0.5	82 days, 22:12:39	0	32879	0	
0.001	40	0.5	67 days, 3:30:30	35	4493	1	
0.001	40	0.5	498 days, 19:26:31	0	32879	0	
0.001	40	0.5	5 days, 5:10:51	26	6513	1	
0.001	40	0.5	1 day, 6:18:33	53	29406	1	
0.001	40	0.5	8 days, 15:56:42	1	32879	0	
0.001	40	0.5	28 days, 13:04:21	56	32879	0	
0.001	40	0.5	16 days, 19:06:52	23	20770	1	
0.001	40	0.5	4 days, 18:07:58	0	32879	0	
0.001	40	0.5	498 days, 19:26:31	0	32879	0	
0.001	40	0.5	18:51:31	2	32879	0	
0.001	40	0.5	6 days, 20:25:17	11	32879	0	
0.001	40	0.5	11 days, 23:17:21	0	32879	0	
0.001	40	0.5	4 days, 15:26:31	53	28274	1	
0.001	40	0.5	17 days, 16:06:04	31	26578	1	
0.001	40	0.5	286 days, 0:54:58	0	32879	0	
0.001	40	0.5	24 days, 20:23:38	2	32879	0	
0.001	40	0.5	6 days, 13:45:08	0	32879	0	
0.001	40	0.5	26 days, 21:04:25	0	32879	0	
0.001	40	0.5	498 days, 19:26:31	0	32879	0	
0.001	40	0.5	28 days, 14:16:46	0	32879	0	
0.001	40	0.5	28 days, 17:16:01	36	31561	1	
0.001	40	0.5	1 day, 23:47:58	0	32879	0	
0.001	40	0.5	14 days, 14:29:37	70	28719	1	
0.001	40	0.5	6 days, 22:01:23	0	32879	0	
0.001	40	0.5	188 days, 8:06:32	50	1866	1	
0.001	40	0.5	1 day, 1:02:18	17	5831	1	
0.001	40	0.5	498 days, 19:26:31	0	32879	0	
0.001	40	0.5	1 day, 23:47:52	0	32879	0	
0.001	40	0.5	19:05:40	25	14472	1	
0.001	40	0.5	6:08:09	25	2691	1	
0.001	40	0.5	498 days, 19:26:31	0	32879	0	
0.001	40	0.5	6:05:36	24	2657	1	
0.001	40	0.5	11 days, 12:20:21	29	15452	1	
0.001	40	0.5	5 days, 18:03:55	44	31643	1	
0.001	40	0.5	29 days, 12:26:12	0	32879	0	
0.001	40	0.5	25 days, 2:34:15	0	32879	0	
0.001	40	0.5	498 days, 19:26:31	0	32879	0	
0.001	40	0.5	1 day, 23:48:36	41	32879	0	
0.001	40	0.5	26 days, 21:40:33	0	32879	0	
0.001	40	0.5	498 days, 19:26:31	0	32879	0	
0.001	40	0.5	498 days, 19:26:31	0	32879	0	
0.001	40	0.5	18 days, 16:34:07	0	32879	0	
0.001	40	0.5	498 days, 19:26:31	0	32879	0	
0.001	40	0.5	29 days, 20:15:05	1	32879	0	
0.001	40	0.5	8 days, 14:14:43	27	19761	1	
0.001	40	0.5	16:27:06	25	28176	1	
0.001	40	0.5	1 day, 22:18:59	29	5735	1	
0.001	40	0.5	1 day, 12:02:47	18	20914	1	
0.001	40	0.5	3 days, 19:59:05	44	18595	1	
0.001	40	0.5	498 days, 19:26:31	0	32879	0	
0.001	40	0.5	1 day, 6:16:10	0	32879	0	
0.001	40	0.5	15 days, 20:39:00	0	32879	0	
0.001	40	0.5	28 days, 13:04:21	1	32879	0	
0.001	40	0.5	7 days, 20:55:01	24	10021	1	
0.001	40	0.5	498 days, 19:26:31	0	32879	0	
0.001	40	0.5	498 days, 19:26:31	0	32879	0	
0.001	40	0.5	8 days, 17:27:52	26	13864	1	
0.001	40	0.5	4 days, 13:09:56	2	32879	0	
0.001	40	0.5	28 days, 0:24:14	0	32879	0	
0.001	40	0.5	1 day, 22:11:48	41	19389	1	
0.001	40	0.5	4 days, 5:31:07	53	8036	1	
0.001	40	0.5	244 days, 4:05:18	0	32879	0	
0.001	40	0.5	498 days, 19:26:31	0	32879	0	
0.001	40	0.5	498 days, 19:26:31	0	32879	0	
0.001	40	0.5	498 days, 19:26:31	0	32879	0	
0.001	40	0.5	498 days, 19:26:31	0	32879	0	
0.001	40	0.5	1 day, 23:16:23	0	32879	0	
0.001	40	0.5	498 days, 19:26:31	0	32879	0	
0.001	40	0.5	18 days, 16:02:01	0	32879	0	
0.001	40	0.5	129 days, 18:18:54	42	32069	1	
0.001	40	0.5	97 days, 7:11:53	58	2034	1	
0.001	40	0.5	66 days, 1:55:04	1	32879	0	
0.001	40	0.5	17 days, 2:01:24	38	22148	1	
0.001	40	0.5	106 days, 6:40:25	30	7323	1	
0.001	40	0.5	498 days, 19:26:31	0	32879	0	
0.001	40	0.5	1 day, 13:27:26	31	7526	1	
0.001	40	0.5	1 day, 1:28:54	39	16012	1	
0.001	40	0.5	7 days, 15:29:09	0	32879	0	
0.001	40	0.5	23:42:52	13	2416	1	
0.001	40	0.5	190 days, 0:33:34	32	3554	1	
0.001	40	0.5	18 days, 20:41:28	0	32879	0	
0.001	40	0.5	3 days, 15:34:49	1	32879	0	
0.001	40	0.5	25 days, 7:55:47	23	32069	1	
0.001	40	0.5	498 days, 19:26:31	0	32879	0	
0.001	40	0.5	1 day, 20:47:12	0	32879	0	
0.001	40	0.5	498 days, 19:26:31	0	32879	0	
0.001	40	0.5	22:23:02	27	2997	1	
0.001	40	0.5	1 day, 23:48:45	0	32879	0	
0.001	40	0.5	5 days, 3:09:47	26	6404	1	
0.001	40	0.5	14 days, 16:44:48	49	20868	1	
0.001	40	0.5	26 days, 19:52:06	0	32879	0	
0.001	40	0.5	498 days, 19:26:31	0	32879	0	
0.001	40	0.5	7 days, 6:38:05	36	10207	1	
0.001	40	0.5	33 days, 20:40:53	0	32879	0	
0.001	40	0.5	498 days, 19:26:31	0	32879	0	
0.001	40	0.5	14 days, 17:56:35	0	32879	0	
0.001	40	0.5	1 day, 19:03:06	1	32879	0	
0.001	40	0.5	498 days, 19:26:31	0	32879	0	
0.001	40	0.5	5 days, 16:16:48	0	32879	0	
0.001	40	0.5	22 days, 14:45:11	0	32879	0	
0.001	60	0.5	1 day, 22:47:25	35	19907	1	
0.001	60	0.5	498 days, 19:26:31	0	32879	0	
0.001	60	0.5	1 day, 23:48:13	0	32879	0	
0.001	60	0.5	14 days, 1:17:10	24	32070	1	
0.001	60	0.5	12 days, 19:31:22	0	32879	0	
0.001	60	0.5	26 days, 21:04:25	0	32879	0	
0.001	60	0.5	12 days, 4:37:25	16	19053	1	
0.001	60	0.5	20 days, 15:02:36	0	32879	0	
0.001	60	0.5	196 days, 0:13:39	1	32879	0	
0.001	60	0.5	1 day, 23:48:14	0	32879	0	
0.001	60	0.5	7 days, 13:55:04	3	32879	0	
0.001	60	0.5	498 days, 19:26:31	0	32879	0	
0.001	60	0.5	4:44:45	10	5764	1	
0.001	60	0.5	28 days, 15:24:10	1	32879	0	
0.001	60	0.5	7 days, 21:14:53	34	12942	1	
0.001	60	0.5	4 days, 22:08:20	57	20373	1	
0.001	60	0.5	2 days, 5:50:06	0	32879	0	
0.001	60	0.5	2 days, 21:05:40	15	4182	1	
0.001	60	0.5	13 days, 1:00:12	0	32879	0	
0.001	60	0.5	18 days, 17:43:57	0	32879	0	
0.001	60	0.5	27 days, 20:55:49	2	32879	0	
0.001	60	0.5	28 days, 23:35:33	35	32767	1	
0.001	60	0.5	203 days, 19:30:31	17	11584	1	
0.001	60	0.5	3:12:16	14	7047	1	
0.001	60	0.5	26 days, 14:56:10	0	32879	0	
0.001	60	0.5	17:13:18	14	4319	1	
0.001	60	0.5	401 days, 3:25:37	0	32879	0	
0.001	60	0.5	4 days, 19:07:07	0	32879	0	
0.001	60	0.5	18 days, 20:23:59	0	32879	0	
0.001	60	0.5	4 days, 4:42:20	4	32879	0	
0.001	60	0.5	178 days, 2:51:16	31	1833	1	
0.001	60	0.5	18 days, 13:42:19	19	32298	1	
0.001	60	0.5	27 days, 13:23:22	0	32879	0	
0.001	60	0.5	498 days, 19:26:31	0	32879	0	
0.001	60	0.5	5:10:04	16	2926	1	
0.001	60	0.5	293 days, 20:11:46	0	32879	0	
0.001	60	0.5	498 days, 19:26:31	0	32879	0	
0.001	60	0.5	26 days, 21:40:33	0	32879	0	
0.001	60	0.5	498 days, 19:26:31	0	32879	0	
0.001	60	0.5	20 days, 17:07:15	52	28285	1	
0.001	60	0.5	245 days, 2:06:05	0	32879	0	
0.001	60	0.5	14 days, 17:56:35	0	32879	0	
0.001	60	0.5	15 days, 22:21:19	0	32879	0	
0.001	60	0.5	486 days, 11:23:55	0	32879	0	
0.001	60	0.5	13 days, 22:04:55	0	32879	0	
0.001	60	0.5	8 days, 19:14:03	0	32879	0	
0.001	60	0.5	498 days, 19:26:31	0	32879	0	
0.001	60	0.5	29 days, 1:08:53	0	32879	0	
0.001	60	0.5	20 days, 18:57:04	0	32879	0	
0.001	60	0.5	26 days, 9:25:33	0	32879	0	
0.001	60	0.5	13 days, 1:00:12	0	32879	0	
0.001	60	0.5	498 days, 19:26:31	0	32879	0	
0.001	60	0.5	1 day, 23:48:27	16	32879	0	
0.001	60	0.5	498 days, 19:26:31	0	32879	0	
0.001	60	0.5	3 days, 11:35:50	0	32879	0	
0.001	60	0.5	10:02:15	22	12412	1	
0.001	60	0.5	2 days, 3:22:51	0	32879	0	
0.001	60	0.5	29 days, 22:09:20	1	32879	0	
0.001	60	0.5	3 days, 20:54:19	41	32644	1	
0.001	60	0.5	498 days, 19:26:31	0	32879	0	
0.001	60	0.5	498 days, 19:26:31	0	32879	0	
0.001	60	0.5	475 days, 21:13:56	18	9650	1	
0.001	60	0.5	10:58:24	12	3233	1	
0.001	60	0.5	498 days, 19:26:31	0	32879	0	
0.001	60	0.5	27 days, 3:57:33	0	32879	0	
0.001	60	0.5	1 day, 23:48:13	0	32879	0	
0.001	60	0.5	21 days, 23:54:11	20	28122	1	
0.001	60	0.5	3 days, 0:07:01	16	21353	1	
0.001	60	0.5	29 days, 12:54:56	0	32879	0	
0.001	60	0.5	1 day, 3:27:55	25	32664	1	
0.001	60	0.5	4:50:12	17	2657	1	
0.001	60	0.5	22 days, 18:57:15	0	32879	0	
0.001	60	0.5	282 days, 22:01:30	37	7783	1	
0.001	60	0.5	183 days, 23:50:15	0	32879	0	
0.001	60	0.5	208 days, 10:15:58	0	32879	0	
0.001	60	0.5	498 days, 19:26:31	0	32879	0	
0.001	60	0.5	20 days, 22:00:20	0	32879	0	
0.001	60	0.5	498 days, 19:26:31	0	32879	0	
0.001	60	0.5	16 days, 19:07:15	36	20670	1	
0.001	60	0.5	25 days, 18:31:29	0	32879	0	
0.001	60	0.5	3 days, 12:09:55	35	7778	1	
0.001	60	0.5	2 days, 6:33:44	9	2691	1	
0.001	60	0.5	7 days, 18:57:36	30	21403	1	
0.001	60	0.5	498 days, 19:26:31	0	32879	0	
0.001	60	0.5	1 day, 23:48:36	0	32879	0	
0.001	60	0.5	1 day, 3:51:32	20	29386	1	
0.001	60	0.5	223 days, 22:17:18	1	32879	0	
0.001	60	0.5	498 days, 19:26:31	0	32879	0	
0.001	60	0.5	498 days, 19:26:31	0	32879	0	
0.001	60	0.5	26 days, 20:49:16	21	32879	0	
0.001	60	0.5	498 days, 19:26:31	0	32879	0	
0.001	60	0.5	30 days, 1:11:37	0	32879	0	
0.001	60	0.5	20:52:34	12	2071	1	
0.001	60	0.5	66 days, 7:25:48	10	1897	1	
0.001	60	0.5	410 days, 3:02:47	51	1699	1	
0.001	60	0.5	2 days, 1:43:46	33	13464	1	
0.001	60	0.5	5:36:28	16	2657	1	
0.001	60	0.5	19 days, 9:07:26	23	31557	1	
0.001	60	0.5	3 days, 9:19:22	17	6498	1	
0.001	60	0.5	285 days, 4:11:08	1	32879	0	
0.001	60	0.5	411 days, 13:30:43	25	3191	1	
0.001	60	0.5	3 days, 15:34:49	0	32879	0	
0.001	60	0.5	3 days, 16:38:57	11	28492	1	
0.001	60	0.5	14 days, 15:43:20	3	32879	0	
0.001	60	0.5	28 days, 16:57:48	24	32414	1	
0.001	60	0.5	1 day, 7:01:32	31	32776	1	
0.001	60	0.5	20 days, 22:00:20	0	32879	0	
0.001	60	0.5	29 days, 20:32:54	1	32879	0	
0.001	60	0.5	20 days, 13:09:29	0	32879	0	
0.001	60	0.5	498 days, 19:26:31	0	32879	0	
0.001	60	0.5	111 days, 3:46:58	29	13926	1	
0.001	60	0.5	6 days, 1:06:12	38	11670	1	
0.001	60	0.5	215 days, 4:39:48	18	32780	1	
0.001	60	0.5	9 days, 1:48:10	21	24177	1	
0.001	60	0.5	1 day, 23:47:25	0	32879	0	
0.001	60	0.5	22 days, 15:37:34	2	32879	0	
0.001	60	0.5	12:24:01	15	28459	1	
0.001	60	0.5	15 days, 13:14:51	1	32879	0	
0.001	60	0.5	1 day, 23:47:40	0	32879	0	
0.001	60	0.5	15 days, 22:47:41	19	23086	1	
0.001	60	0.5	498 days, 19:26:31	0	32879	0	
0.001	60	0.5	498 days, 19:26:31	0	32879	0	
0.001	60	0.5	175 days, 11:36:23	0	32879	0	
0.001	60	0.5	498 days, 19:26:31	0	32879	0	
0.001	60	0.5	188 days, 16:01:30	0	32879	0	
0.001	60	0.5	22 days, 1:11:07	41	32674	1	
0.001	60	0.5	14 days, 15:43:20	3	32879	0	
0.001	60	0.5	20 days, 22:00:20	1	32879	0	
0.001	60	0.5	19:22:29	27	8071	1	
0.001	60	0.5	15:06:08	20	6498	1	
0.001	60	0.5	1 day, 22:37:50	25	5825	1	
0.001	60	0.5	20:41:25	14	3575	1	
0.001	60	0.5	13 days, 9:51:42	39	18573	1	
0.001	60	0.5	498 days, 19:26:31	0	32879	0	
0.001	60	0.5	25 days, 15:36:07	0	32879	0	
0.001	60	0.5	498 days, 19:26:31	0	32879	0	
0.001	60	0.5	180 days, 12:27:23	37	5529	1	
0.001	60	0.5	498 days, 19:26:31	0	32879	0	
0.001	60	0.5	27 days, 19:39:31	0	32879	0	
0.001	60	0.5	26 days, 3:26:29	0	32879	0	
0.001	60	0.5	20 days, 6:57:07	0	32879	0	
0.001	60	0.5	23 days, 0:25:15	0	32879	0	
0.001	60	0.5	2 days, 22:13:45	35	32043	1	
0.001	60	0.5	20 days, 21:22:48	0	32879	0	
0.001	60	0.5	498 days, 19:26:31	0	32879	0	
0.001	60	0.5	1 day, 16:44:10	0	32879	0	
0.001	60	0.5	12 days, 23:52:37	0	32879	0	
0.001	60	0.5	131 days, 9:14:24	30	4265	1	
0.001	60	0.5	57 days, 21:40:16	0	32879	0	
0.001	60	0.5	1 day, 17:19:48	20	5025	1	
0.001	60	0.5	18 days, 4:38:13	25	32059	1	
0.001	60	0.5	137 days, 17:12:58	21	1991	1	
0.001	60	0.5	10 days, 21:19:35	24	14586	1	
0.001	60	0.5	244 days, 4:05:18	1	32879	0	
0.001	60	0.5	2 days, 20:11:15	44	28669	1	
0.001	60	0.5	498 days, 19:26:31	0	32879	0	
0.001	60	0.5	28 days, 19:18:41	1	32879	0	
0.001	60	0.5	4 days, 19:07:07	0	32879	0	
0.001	60	0.5	9 days, 3:06:23	22	30712	1	
0.001	60	0.5	29 days, 12:07:52	0	32879	0	
0.001	60	0.5	8 days, 1:57:55	18	19241	1	
0.001	60	0.5	3 days, 23:30:49	10	14113	1	
0.001	60	0.5	1 day, 7:01:49	33	32776	1	
0.001	60	0.5	1 day, 0:32:13	17	4300	1	
0.001	60	0.5	196 days, 0:13:39	1	32879	0	
0.001	60	0.5	18 days, 19:45:07	0	32879	0	
0.001	60	0.5	498 days, 19:26:31	0	32879	0	
0.001	60	0.5	32 days, 3:16:21	1	32879	0	
0.001	60	0.5	30 days, 14:06:12	1	32879	0	
0.001	60	0.5	498 days, 19:26:31	0	32879	0	
0.001	60	0.5	22:24:08	20	3575	1	
0.001	60	0.5	498 days, 19:26:31	0	32879	0	
0.001	60	0.5	12 days, 19:48:48	0	32879	0	
0.001	60	0.5	5:30:59	16	2817	1	
0.001	60	0.5	3 days, 17:57:26	1	32879	0	
0.001	60	0.5	225 days, 1:57:20	0	32879	0	
0.001	60	0.5	8 days, 0:02:07	23	10991	1	
0.001	60	0.5	5 days, 19:04:11	0	32879	0	
0.001	60	0.5	2 days, 7:37:26	19	5836	1	
0.001	60	0.5	14 days, 22:01:11	0	32879	0	
0.001	60	0.5	21:21:33	32	4295	1	
0.001	60	0.5	8 days, 14:50:24	20	11382	1	
0.001	60	0.5	27 days, 3:57:33	0	32879	0	
0.001	60	0.5	19:05:09	16	21872	1	
0.001	60	0.5	1 day, 16:43:43	0	32879	0	
0.001	60	0.5	11 days, 1:50:45	24	24003	1	
0.001	60	0.5	498 days, 19:26:31	0	32879	0	
0.001	60	0.5	60 days, 23:20:44	24	10991	1	
0.001	60	0.5	231 days, 23:04:42	1	32879	0	
0.001	60	0.5	5:26:37	32	10072	1	
0.001	60	0.5	15:39:21	19	19344	1	
0.001	60	0.5	230 days, 16:26:30	0	32879	0	
0.001	60	0.5	498 days, 19:26:31	0	32879	0	
0.001	60	0.5	498 days, 19:26:31	0	32879	0	
0.001	60	0.5	1 day, 23:48:11	0	32879	0	
0.001	60	0.5	1:10:15	9	17881	1	
0.001	60	0.5	15 days, 14:47:28	16	26823	1	
0.001	60	0.5	13 days, 15:41:06	0	32879	0	
0.001	60	0.5	1 day, 4:13:28	21	2710	1	
0.001	60	0.5	498 days, 19:26:31	0	32879	0	
0.001	80	0.5	2 days, 20:20:35	0	32879	0	
0.001	80	0.5	27 days, 19:43:22	0	32879	0	
0.001	80	0.5	1 day, 23:47:19	0	32879	0	
0.001	80	0.5	16:24:22	14	28383	1	
0.001	80	0.5	175 days, 11:36:23	0	32879	0	
0.001	80	0.5	420 days, 0:56:58	0	32879	0	
0.001	80	0.5	20 days, 22:00:20	0	32879	0	
0.001	80	0.5	27 days, 3:53:54	0	32879	0	
0.001	80	0.5	1 day, 23:48:43	0	32879	0	
0.001	80	0.5	498 days, 19:26:31	0	32879	0	
0.001	80	0.5	1 day, 23:47:40	0	32879	0	
0.001	80	0.5	9 days, 11:48:05	0	32879	0	
0.001	80	0.5	3 days, 0:04:30	9	4873	1	
0.001	80	0.5	498 days, 19:26:31	0	32879	0	
0.001	80	0.5	29 days, 18:17:44	0	32879	0	
0.001	80	0.5	29 days, 21:38:29	3	32879	0	
0.001	80	0.5	498 days, 19:26:31	0	32879	0	
0.001	80	0.5	22 days, 21:11:34	0	32879	0	
0.001	80	0.5	2 days, 5:41:41	18	7251	1	
0.001	80	0.5	8 days, 22:17:04	0	32879	0	
0.001	80	0.5	2 days, 12:11:53	18	8978	1	
0.001	80	0.5	259 days, 16:07:13	3	32879	0	
0.001	80	0.5	10 days, 13:23:58	16	18556	1	
0.001	80	0.5	21 days, 1:02:42	13	22842	1	
0.001	80	0.5	26 days, 13:58:56	0	32879	0	
0.001	80	0.5	24 days, 0:23:02	0	32879	0	
0.001	80	0.5	11 days, 21:46:51	0	32879	0	
0.001	80	0.5	498 days, 19:26:31	0	32879	0	
0.001	80	0.5	3 days, 2:41:39	11	29081	1	
0.001	80	0.5	3 days, 5:32:47	14	23830	1	
0.001	80	0.5	110 days, 0:48:20	0	32879	0	
0.001	80	0.5	498 days, 19:26:31	0	32879	0	
0.001	80	0.5	27 days, 19:39:31	0	32879	0	
0.001	80	0.5	498 days, 19:26:31	0	32879	0	
0.001	80	0.5	2 days, 14:21:28	19	6480	1	
0.001	80	0.5	1 day, 23:07:14	16	7020	1	
0.001	80	0.5	2 days, 9:26:56	16	2981	1	
0.001	80	0.5	498 days, 19:26:31	0	32879	0	
0.001	80	0.5	29 days, 20:32:54	2	32879	0	
0.001	80	0.5	3 days, 6:11:34	24	6900	1	
0.001	80	0.5	21 days, 12:43:38	0	32879	0	
0.001	80	0.5	23:43:50	8	2416	1	
0.001	80	0.5	179 days, 16:59:30	15	2651	1	
0.001	80	0.5	293 days, 20:11:46	0	32879	0	
0.001	80	0.5	13:35:10	13	19584	1	
0.001	80	0.5	384 days, 2:44:41	19	3012	1	
0.001	80	0.5	6 days, 7:34:14	24	32772	1	
0.001	80	0.5	15 days, 6:38:58	34	32674	1	
0.001	80	0.5	413 days, 23:36:34	0	32879	0	
0.001	80	0.5	175 days, 1:43:03	0	32879	0	
0.001	80	0.5	498 days, 19:26:31	0	32879	0	
0.001	80	0.5	27 days, 3:53:54	0	32879	0	
0.001	80	0.5	245 days, 2:06:05	0	32879	0	
0.001	80	0.5	1 day, 3:21:39	22	4142	1	
0.001	80	0.5	11 days, 17:54:32	0	32879	0	
0.001	80	0.5	2 days, 23:19:45	23	20674	1	
0.001	80	0.5	498 days, 19:26:31	0	32879	0	
0.001	80	0.5	1 day, 9:37:04	23	20463	1	
0.001	80	0.5	1 day, 6:39:23	18	23079	1	
0.001	80	0.5	7 days, 3:10:37	31	13437	1	
0.001	80	0.5	4:54:35	12	8100	1	
0.001	80	0.5	8 days, 16:03:11	18	13616	1	
0.001	80	0.5	498 days, 19:26:31	0	32879	0	
0.001	80	0.5	172 days, 22:34:28	25	4246	1	
0.001	80	0.5	1 day, 23:48:23	0	32879	0	
0.001	80	0.5	7 days, 0:21:17	0	32879	0	
0.001	80	0.5	18 days, 17:47:40	0	32879	0	
0.001	80	0.5	21 days, 15:29:56	0	32879	0	
0.001	80	0.5	1 day, 23:48:29	0	32879	0	
0.001	80	0.5	498 days, 19:26:31	0	32879	0	
0.001	80	0.5	1 day, 12:20:54	17	4705	1	
0.001	80	0.5	6 days, 14:56:20	28	9609	1	
0.001	80	0.5	2:31:32	14	2710	1	
0.001	80	0.5	2:04:55	19	2710	1	
0.001	80	0.5	3:50:29	22	32057	1	
0.001	80	0.5	9 days, 9:46:48	27	13824	1	
0.001	80	0.5	19 days, 1:22:40	0	32879	0	
0.001	80	0.5	4 days, 22:17:59	0	32879	0	
0.001	80	0.5	2 days, 12:59:42	9	9178	1	
0.001	80	0.5	21 days, 20:46:40	0	32879	0	
0.001	80	0.5	498 days, 19:26:31	0	32879	0	
0.001	80	0.5	498 days, 19:26:31	0	32879	0	
0.001	80	0.5	8 days, 13:18:24	0	32879	0	
0.001	80	0.5	498 days, 19:26:31	0	32879	0	
0.001	80	0.5	16 days, 20:05:29	13	22924	1	
0.001	80	0.5	28 days, 17:24:20	38	32508	1	
0.001	80	0.5	498 days, 19:26:31	0	32879	0	
0.001	80	0.5	498 days, 19:26:31	0	32879	0	
0.001	80	0.5	2 days, 12:11:53	19	8978	1	
0.001	80	0.5	19:33:13	17	22802	1	
0.001	80	0.5	286 days, 15:29:30	18	10292	1	
0.001	80	0.5	12 days, 23:52:37	1	32879	0	
0.001	80	0.5	21 days, 12:43:38	0	32879	0	
0.001	80	0.5	9:55:47	20	4732	1	
0.001	80	0.5	16 days, 1:24:18	0	32879	0	
0.001	80	0.5	29 days, 18:33:00	0	32879	0	
0.001	80	0.5	6 days, 17:38:55	0	32879	0	
0.001	80	0.5	27 days, 18:13:17	1	32879	0	
0.001	80	0.5	28 days, 3:45:26	24	32777	1	
0.001	80	0.5	498 days, 19:26:31	0	32879	0	
0.001	80	0.5	7:08:50	8	2133	1	
0.001	80	0.5	3 days, 1:19:09	12	6546	1	
0.001	80	0.5	12 days, 18:00:06	10	16984	1	
0.001	80	0.5	498 days, 19:26:31	0	32879	0	
0.001	80	0.5	3 days, 7:34:10	19	7072	1	
0.001	80	0.5	10 days, 1:06:27	22	15254	1	
0.001	80	0.5	498 days, 19:26:31	0	32879	0	
0.001	80	0.5	248 days, 5:19:27	0	32879	0	
0.001	80	0.5	13 days, 21:47:09	28	28671	1	
0.001	80	0.5	4 days, 2:22:12	31	7783	1	
0.001	80	0.5	21 days, 18:14:24	0	32879	0	
0.001	80	0.5	498 days, 19:26:31	0	32879	0	
0.001	80	0.5	21 days, 14:58:35	0	32879	0	
0.001	80	0.5	9 days, 20:15:54	22	13824	1	
0.001	80	0.5	498 days, 19:26:31	0	32879	0	
0.001	80	0.5	11 days, 20:40:59	0	32879	0	
0.001	80	0.5	247 days, 1:33:31	0	32879	0	
0.001	80	0.5	2 days, 2:33:44	20	14504	1	
0.001	80	0.5	1 day, 18:52:01	29	5527	1	
0.001	80	0.5	498 days, 19:26:31	0	32879	0	
0.001	80	0.5	28 days, 15:24:10	1	32879	0	
0.001	80	0.5	11 days, 22:43:12	0	32879	0	
0.001	80	0.5	18 days, 21:15:36	0	32879	0	
0.001	80	0.5	17 days, 12:25:09	16	22886	1	
0.001	80	0.5	29 days, 12:54:56	0	32879	0	
0.001	80	0.5	498 days, 19:26:31	0	32879	0	
0.001	80	0.5	14 days, 11:16:43	1	32879	0	
0.001	80	0.5	12 days, 23:18:55	0	32879	0	
0.001	80	0.5	145 days, 16:13:18	17	2421	1	
0.001	80	0.5	498 days, 19:26:31	0	32879	0	
0.001	80	0.5	14 days, 22:01:11	0	32879	0	
0.001	80	0.5	498 days, 19:26:31	0	32879	0	
0.001	80	0.5	5 days, 10:11:25	21	20590	1	
0.001	80	0.5	293 days, 1:08:30	1	32879	0	
0.001	80	0.5	167 days, 21:57:17	1	32879	0	
0.001	80	0.5	8 days, 18:16:49	0	32879	0	
0.001	80	0.5	258 days, 9:15:25	17	3386	1	
0.001	80	0.5	498 days, 19:26:31	0	32879	0	
0.001	80	0.5	498 days, 19:26:31	0	32879	0	
0.001	80	0.5	5 days, 1:01:06	13	6188	1	
0.001	80	0.5	26 days, 7:38:41	0	32879	0	
0.001	80	0.5	498 days, 19:26:31	0	32879	0	
0.001	80	0.5	18 days, 19:46:41	0	32879	0	
0.001	80	0.5	25 days, 9:39:28	1	32879	0	
0.001	80	0.5	8 days, 10:48:09	1	32879	0	
0.001	80	0.5	3 days, 17:57:26	0	32879	0	
0.001	80	0.5	1 day, 23:47:12	0	32879	0	
0.001	80	0.5	97 days, 7:11:53	49	2029	1	
0.001	80	0.5	1 day, 12:47:29	8	14139	1	
0.001	80	0.5	3 days, 0:08:15	30	24179	1	
0.001	80	0.5	87 days, 14:22:06	2	32879	0	
0.001	80	0.5	1 day, 22:44:14	10	16321	1	
0.001	80	0.5	2 days, 9:54:35	24	7245	1	
0.001	80	0.5	16 days, 5:20:58	31	20459	1	
0.001	80	0.5	1 day, 23:47:14	0	32879	0	
0.001	80	0.5	498 days, 19:26:31	0	32879	0	
0.001	80	0.5	2 days, 3:25:18	14	9951	1	
0.001	80	0.5	21 days, 10:26:23	0	32879	0	
0.001	80	0.5	196 days, 0:13:39	0	32879	0	
0.001	80	0.5	28 days, 0:51:01	0	32879	0	
0.001	80	0.5	498 days, 19:26:31	0	32879	0	
0.001	80	0.5	9:26:16	0	32879	0	
0.001	80	0.5	2 days, 20:20:35	0	32879	0	
0.001	80	0.5	14 days, 11:16:43	0	32879	0	
0.001	80	0.5	7:27:53	21	3149	1	
0.001	80	0.5	5:10:22	10	2496	1	
0.001	80	0.5	498 days, 19:26:31	0	32879	0	
0.001	80	0.5	469 days, 16:59:40	11	3716	1	
0.001	80	0.5	12 days, 8:10:08	12	16669	1	
0.001	80	0.5	26 days, 13:45:00	1	32879	0	
0.001	80	0.5	1 day, 1:02:48	7	2069	1	
0.001	80	0.5	2 days, 1:58:00	38	26815	1	
0.001	80	0.5	498 days, 19:26:31	0	32879	0	
0.001	80	0.5	9 days, 6:01:54	15	13871	1	
0.001	80	0.5	7:52:16	15	3148	1	
0.001	80	0.5	1 day, 23:48:02	0	32879	0	
0.001	80	0.5	1 day, 23:48:13	0	32879	0	
0.001	80	0.5	18 days, 23:24:14	0	32879	0	
0.001	80	0.5	1 day, 23:47:57	0	32879	0	
0.001	80	0.5	498 days, 19:26:31	0	32879	0	
0.001	80	0.5	203 days, 17:56:58	17	20055	1	
0.001	80	0.5	210 days, 17:12:01	16	4050	1	
0.001	80	0.5	5 days, 2:24:54	9	8115	1	
0.001	80	0.5	1 day, 22:55:24	22	2676	1	
0.001	80	0.5	21 days, 14:58:35	0	32879	0	
0.001	80	0.5	498 days, 19:26:31	0	32879	0	
0.001	80	0.5	498 days, 19:26:31	0	32879	0	
0.001	80	0.5	7:22:17	16	9907	1	
0.001	80	0.5	498 days, 19:26:31	0	32879	0	
0.001	80	0.5	20 days, 21:20:41	28	28581	1	
0.001	80	0.5	2 days, 23:40:44	0	32879	0	
0.001	80	0.5	30 days, 1:11:37	0	32879	0	
0.001	80	0.5	23 days, 16:09:01	0	32879	0	
0.001	80	0.5	2 days, 1:17:51	23	5163	1	
0.001	80	0.5	2 days, 0:08:17	14	3212	1	
0.001	80	0.5	20 days, 22:42:37	9	26293	1	
0.001	80	0.5	23 days, 0:23:29	1	32879	0	
0.001	80	0.5	498 days, 19:26:31	0	32879	0	
0.001	80	0.5	1:28:30	36	2786	1	
0.001	80	0.5	286 days, 0:54:58	0	32879	0	
0.001	100	0.5	14 days, 11:16:43	0	32879	0	
0.001	100	0.5	498 days, 19:26:31	0	32879	0	
0.001	100	0.5	21 days, 19:29:13	0	32879	0	
0.001	100	0.5	14 days, 13:56:24	0	32879	0	
0.001	100	0.5	498 days, 19:26:31	0	32879	0	
0.001	100	0.5	22 days, 12:22:04	0	32879	0	
0.001	100	0.5	11 days, 23:17:21	0	32879	0	
0.001	100	0.5	498 days, 19:26:31	0	32879	0	
0.001	100	0.5	16 days, 2:45:55	0	32879	0	
0.001	100	0.5	14 days, 8:28:57	0	32879	0	
0.001	100	0.5	498 days, 19:26:31	0	32879	0	
0.001	100	0.5	2 days, 14:19:51	15	9211	1	
0.001	100	0.5	13 days, 11:24:03	23	20417	1	
0.001	100	0.5	1 day, 23:48:20	16	32879	0	
0.001	100	0.5	498 days, 19:26:31	0	32879	0	
0.001	100	0.5	1 day, 1:03:15	8	2068	1	
0.001	100	0.5	2 days, 3:54:21	16	5333	1	
0.001	100	0.5	6 days, 10:43:17	11	9211	1	
0.001	100	0.5	3 days, 21:52:29	0	32879	0	
0.001	100	0.5	28 days, 19:30:31	0	32879	0	
0.001	100	0.5	498 days, 19:26:31	0	32879	0	
0.001	100	0.5	2 days, 3:05:00	0	32879	0	
0.001	100	0.5	1 day, 20:47:46	0	32879	0	
0.001	100	0.5	6 days, 23:12:37	18	25051	1	
0.001	100	0.5	2 days, 5:04:28	26	31485	1	
0.001	100	0.5	498 days, 19:26:31	0	32879	0	
0.001	100	0.5	29 days, 21:13:00	0	32879	0	
0.001	100	0.5	13 days, 0:13:48	27	17293	1	
0.001	100	0.5	3 days, 22:22:05	43	18513	1	
0.001	100	0.5	498 days, 19:26:31	0	32879	0	
0.001	100	0.5	18 days, 22:49:35	0	32879	0	
0.001	100	0.5	498 days, 19:26:31	0	32879	0	
0.001	100	0.5	29 days, 23:50:49	2	32879	0	
0.001	100	0.5	3 days, 0:22:12	9	4904	1	
0.001	100	0.5	20:14:24	1	32879	0	
0.001	100	0.5	420 days, 0:56:58	0	32879	0	
0.001	100	0.5	20 days, 15:54:13	0	32879	0	
0.001	100	0.5	6 days, 21:42:47	0	32879	0	
0.001	100	0.5	21 days, 20:46:40	1	32879	0	
0.001	100	0.5	23:27:32	18	22156	1	
0.001	100	0.5	18 days, 17:47:40	0	32879	0	
0.001	100	0.5	5 days, 1:01:06	14	6180	1	
0.001	100	0.5	22 days, 13:11:35	0	32879	0	
0.001	100	0.5	4:23:45	18	11713	1	
0.001	100	0.5	187 days, 23:26:51	1	32879	0	
0.001	100	0.5	156 days, 0:27:41	24	19750	1	
0.001	100	0.5	26 days, 9:25:33	0	32879	0	
0.001	100	0.5	498 days, 19:26:31	0	32879	0	
0.001	100	0.5	25 days, 5:53:29	14	31042	1	
0.001	100	0.5	498 days, 19:26:31	0	32879	0	
0.001	100	0.5	498 days, 19:26:31	0	32879	0	
0.001	100	0.5	498 days, 19:26:31	0	32879	0	
0.001	100	0.5	12 days, 23:02:39	29	17144	1	
0.001	100	0.5	1 day, 4:36:27	13	11492	1	
0.001	100	0.5	22:16:33	34	28217	1	
0.001	100	0.5	498 days, 19:26:31	0	32879	0	
0.001	100	0.5	1 day, 23:47:57	0	32879	0	
0.001	100	0.5	22:56:37	12	32420	1	
0.001	100	0.5	1 day, 22:11:40	0	32879	0	
0.001	100	0.5	15 days, 21:15:17	0	32879	0	
0.001	100	0.5	5:11:46	11	4732	1	
0.001	100	0.5	1 day, 14:55:55	18	2544	1	
0.001	100	0.5	1 day, 1:49:08	18	20537	1	
0.001	100	0.5	2 days, 0:47:22	19	10937	1	
0.001	100	0.5	22:29:52	20	7956	1	
0.001	100	0.5	1 day, 20:47:46	0	32879	0	
0.001	100	0.5	498 days, 19:26:31	0	32879	0	
0.001	100	0.5	1 day, 14:49:29	17	5589	1	
0.001	100	0.5	9 days, 2:28:56	15	15879	1	
0.001	100	0.5	22 days, 18:03:44	0	32879	0	
0.001	100	0.5	28 days, 19:04:11	0	32879	0	
0.001	100	0.5	498 days, 19:26:31	0	32879	0	
0.001	100	0.5	11 days, 21:46:51	0	32879	0	
0.001	100	0.5	498 days, 19:26:31	0	32879	0	
0.001	100	0.5	23:34:16	30	18249	1	
0.001	100	0.5	2 days, 23:40:44	0	32879	0	
0.001	100	0.5	10 days, 19:06:33	11	15335	1	
0.001	100	0.5	498 days, 19:26:31	0	32879	0	
0.001	100	0.5	8 days, 15:53:11	28	24920	1	
0.001	100	0.5	7:25:58	16	10208	1	
0.001	100	0.5	7 days, 3:45:40	0	32879	0	
0.001	100	0.5	6 days, 4:26:19	0	32879	0	
0.001	100	0.5	498 days, 19:26:31	0	32879	0	
0.001	100	0.5	9 days, 3:18:28	21	10892	1	
0.001	100	0.5	20 days, 13:09:29	1	32879	0	
0.001	100	0.5	498 days, 19:26:31	0	32879	0	
0.001	100	0.5	2 days, 14:57:52	0	32879	0	
0.001	100	0.5	175 days, 11:36:23	0	32879	0	
0.001	100	0.5	12 days, 19:24:18	0	32879	0	
0.001	100	0.5	244 days, 4:05:18	1	32879	0	
0.001	100	0.5	1 day, 15:33:01	17	12169	1	
0.001	100	0.5	498 days, 19:26:31	0	32879	0	
0.001	100	0.5	22 days, 12:39:46	0	32879	0	
0.001	100	0.5	194 days, 22:39:35	0	32879	0	
0.001	100	0.5	3:21:44	19	9907	1	
0.001	100	0.5	108 days, 4:10:09	25	2798	1	
0.001	100	0.5	21:15:51	23	17629	1	
0.001	100	0.5	231 days, 6:43:22	0	32879	0	
0.001	100	0.5	3 days, 17:57:26	12	32879	0	
0.001	100	0.5	14 days, 23:14:08	1	32879	0	
0.001	100	0.5	1 day, 4:38:02	11	5654	1	
0.001	100	0.5	9 days, 21:18:02	12	16260	1	
0.001	100	0.5	226 days, 10:41:45	13	1696	1	
0.001	100	0.5	498 days, 19:26:31	0	32879	0	
0.001	100	0.5	1 day, 23:57:50	7	4330	1	
0.001	100	0.5	498 days, 19:26:31	0	32879	0	
0.001	100	0.5	1 day, 7:01:26	17	32777	1	
0.001	100	0.5	2 days, 3:22:51	0	32879	0	
0.001	100	0.5	5:23:09	9	8187	1	
0.001	100	0.5	231 days, 17:28:36	1	32879	0	
0.001	100	0.5	498 days, 19:26:31	0	32879	0	
0.001	100	0.5	1 day, 16:12:57	15	5657	1	
0.001	100	0.5	26 days, 9:18:47	0	32879	0	
0.001	100	0.5	1 day, 23:48:02	0	32879	0	
0.001	100	0.5	24 days, 1:40:02	0	32879	0	
0.001	100	0.5	498 days, 19:26:31	0	32879	0	
0.001	100	0.5	29 days, 3:36:34	0	32879	0	
0.001	100	0.5	19 days, 1:19:47	1	32879	0	
0.001	100	0.5	5 days, 21:38:42	8	9321	1	
0.001	100	0.5	498 days, 19:26:31	0	32879	0	
0.001	100	0.5	1:45:41	7	17137	1	
0.001	100	0.5	24 days, 20:23:38	2	32879	0	
0.001	100	0.5	3 days, 1:23:19	25	23906	1	
0.001	100	0.5	498 days, 19:26:31	0	32879	0	
0.001	100	0.5	1 day, 23:47:30	0	32879	0	
0.001	100	0.5	3 days, 22:20:21	20	11325	1	
0.001	100	0.5	16 days, 18:39:39	10	28360	1	
0.001	100	0.5	498 days, 19:26:31	0	32879	0	
0.001	100	0.5	27 days, 16:09:19	4	32879	0	
0.001	100	0.5	498 days, 19:26:31	0	32879	0	
0.001	100	0.5	498 days, 19:26:31	0	32879	0	
0.001	100	0.5	2:14:40	12	9650	1	
0.001	100	0.5	64 days, 17:03:32	21	1769	1	
0.001	100	0.5	6 days, 13:29:32	13	10723	1	
0.001	100	0.5	1 day, 7:01:24	27	32767	1	
0.001	100	0.5	498 days, 19:26:31	0	32879	0	
0.001	100	0.5	15 days, 17:46:51	0	32879	0	
0.001	100	0.5	1 day, 13:52:34	20	16906	1	
0.001	100	0.5	83 days, 10:59:03	0	32879	0	
0.001	100	0.5	1 day, 4:36:51	12	22741	1	
0.001	100	0.5	7 days, 0:46:53	17	11343	1	
0.001	100	0.5	498 days, 19:26:31	0	32879	0	
0.001	100	0.5	1 day, 16:27:14	0	32879	0	
0.001	100	0.5	498 days, 19:26:31	0	32879	0	
0.001	100	0.5	15:33:37	8	28093	1	
0.001	100	0.5	498 days, 19:26:31	0	32879	0	
0.001	100	0.5	27 days, 3:53:54	1	32879	0	
0.001	100	0.5	498 days, 19:26:31	0	32879	0	
0.001	100	0.5	8 days, 15:56:42	1	32879	0	
0.001	100	0.5	19 days, 20:17:30	0	32879	0	
0.001	100	0.5	1 day, 23:47:58	0	32879	0	
0.001	100	0.5	3 days, 21:44:09	16	10921	1	
0.001	100	0.5	458 days, 17:56:21	21	3445	1	
0.001	100	0.5	1 day, 17:06:56	19	5466	1	
0.001	100	0.5	6:59:05	13	2097	1	
0.001	100	0.5	20 days, 20:04:57	0	32879	0	
0.001	100	0.5	3 days, 2:04:11	33	7796	1	
0.001	100	0.5	20 days, 20:12:17	0	32879	0	
0.001	100	0.5	105 days, 8:40:40	24	6329	1	
0.001	100	0.5	498 days, 19:26:31	0	32879	0	
0.001	100	0.5	1 day, 6:52:56	21	4114	1	
0.001	100	0.5	20:15:19	14	2680	1	
0.001	100	0.5	14 days, 16:59:20	0	32879	0	
0.001	100	0.5	1 day, 23:48:32	0	32879	0	
0.001	100	0.5	25 days, 22:29:07	18	32793	1	
0.001	100	0.5	16 days, 5:17:37	39	20373	1	
0.001	100	0.5	2:50:21	13	2475	1	
0.001	100	0.5	108 days, 3:36:02	16	2691	1	
0.001	100	0.5	15 days, 8:27:00	15	20470	1	
0.001	100	0.5	1 day, 0:50:16	24	32508	1	
0.001	100	0.5	12 days, 20:34:05	0	32879	0	
0.001	100	0.5	498 days, 19:26:31	0	32879	0	
0.001	100	0.5	498 days, 19:26:31	0	32879	0	
0.001	100	0.5	1 day, 23:48:04	0	32879	0	
0.001	100	0.5	6 days, 21:11:41	11	8864	1	
0.001	100	0.5	498 days, 19:26:31	0	32879	0	
0.001	100	0.5	1 day, 22:50:22	14	5451	1	
0.001	100	0.5	9 days, 3:50:11	0	32879	0	
0.001	100	0.5	20 days, 19:48:27	0	32879	0	
0.001	100	0.5	8 days, 18:37:56	19	15434	1	
0.001	100	0.5	2 days, 7:59:03	12	2901	1	
0.001	100	0.5	347 days, 22:06:28	21	3980	1	
0.001	100	0.5	498 days, 19:26:31	0	32879	0	
0.001	100	0.5	8 days, 17:15:57	0	32879	0	
0.001	100	0.5	498 days, 19:26:31	0	32879	0	
0.001	100	0.5	1 day, 23:48:43	0	32879	0	
0.001	100	0.5	18:50:24	29	7778	1	
0.001	100	0.5	18 days, 3:06:54	14	29012	1	
0.001	100	0.5	498 days, 19:26:31	0	32879	0	
0.001	100	0.5	261 days, 22:03:13	16	2830	1	
0.001	100	0.5	15 days, 21:15:17	0	32879	0	
0.001	100	0.5	21 days, 18:33:13	12	3494	1	
0.001	100	0.5	20:15:19	24	2680	1	
0.001	100	0.5	83 days, 10:59:03	0	32879	0	
0.001	100	0.5	2 days, 20:20:35	1	32879	0	
0.001	100	0.5	1 day, 3:00:01	8	2483	1	
0.001	100	0.5	1 day, 20:33:21	21	7839	1	
0.001	100	0.5	498 days, 19:26:31	0	32879	0	
0.001	100	0.5	498 days, 19:26:31	0	32879	0	
0.001	100	0.5	25 days, 2:08:26	0	32879	0	
0.001	120	0.5	498 days, 19:26:31	0	32879	0	
0.001	120	0.5	1 day, 15:09:33	20	5500	1	
0.001	120	0.5	19 days, 18:46:12	13	28360	1	
0.001	120	0.5	498 days, 19:26:31	0	32879	0	
0.001	120	0.5	22 days, 17:05:16	0	32879	0	
0.001	120	0.5	28 days, 19:30:31	0	32879	0	
0.001	120	0.5	498 days, 19:26:31	0	32879	0	
0.001	120	0.5	498 days, 19:26:31	0	32879	0	
0.001	120	0.5	7 days, 18:22:52	0	32879	0	
0.001	120	0.5	498 days, 19:26:31	0	32879	0	
0.001	120	0.5	2:50:50	10	24283	1	
0.001	120	0.5	130 days, 4:32:45	41	1650	1	
0.001	120	0.5	231 days, 6:43:22	0	32879	0	
0.001	120	0.5	1 day, 15:48:34	0	32879	0	
0.001	120	0.5	1 day, 6:55:50	25	32761	1	
0.001	120	0.5	498 days, 19:26:31	0	32879	0	
0.001	120	0.5	27 days, 16:50:20	0	32879	0	
0.001	120	0.5	498 days, 19:26:31	0	32879	0	
0.001	120	0.5	19:09:29	9	3317	1	
0.001	120	0.5	498 days, 19:26:31	0	32879	0	
0.001	120	0.5	238 days, 1:24:33	9	28360	1	
0.001	120	0.5	12 days, 23:18:55	0	32879	0	
0.001	120	0.5	2 days, 18:17:53	19	7846	1	
0.001	120	0.5	28 days, 20:13:22	0	32879	0	
0.001	120	0.5	12:13:16	10	5090	1	
0.001	120	0.5	498 days, 19:26:31	0	32879	0	
0.001	120	0.5	21 days, 5:19:11	22	31844	1	
0.001	120	0.5	17 days, 6:29:39	16	21452	1	
0.001	120	0.5	2 days, 17:55:32	13	3927	1	
0.001	120	0.5	22 days, 18:36:46	15	27015	1	
0.001	120	0.5	4:05:09	9	2673	1	
0.001	120	0.5	4 days, 17:38:14	16	16880	1	
0.001	120	0.5	498 days, 19:26:31	0	32879	0	
0.001	120	0.5	1 day, 7:09:44	25	32793	1	
0.001	120	0.5	2 days, 21:23:45	0	32879	0	
0.001	120	0.5	498 days, 19:26:31	0	32879	0	
0.001	120	0.5	6 days, 21:42:47	0	32879	0	
0.001	120	0.5	76 days, 23:06:21	17	3142	1	
0.001	120	0.5	1 day, 23:46:52	0	32879	0	
0.001	120	0.5	498 days, 19:26:31	0	32879	0	
0.001	120	0.5	27 days, 16:21:02	2	32879	0	
0.001	120	0.5	6:40:59	14	3190	1	
0.001	120	0.5	18 days, 20:41:28	0	32879	0	
0.001	120	0.5	26 days, 19:13:50	0	32879	0	
0.001	120	0.5	22 days, 9:51:09	0	32879	0	
0.001	120	0.5	183 days, 23:50:15	0	32879	0	
0.001	120	0.5	9:59:57	8	3317	1	
0.001	120	0.5	21:53:44	17	4231	1	
0.001	120	0.5	218 days, 5:48:33	36	16109	1	
0.001	120	0.5	19 days, 9:50:37	20	31457	1	
0.001	120	0.5	1 day, 23:48:45	0	32879	0	
0.001	120	0.5	16 days, 22:42:09	16	20611	1	
0.001	120	0.5	1 day, 4:08:23	0	32879	0	
0.001	120	0.5	1 day, 20:07:44	25	32393	1	
0.001	120	0.5	21:54:12	20	32374	1	
0.001	120	0.5	3 days, 16:15:02	0	32879	0	
0.001	120	0.5	16 days, 1:26:56	0	32879	0	
0.001	120	0.5	3 days, 18:36:22	26	7756	1	
0.001	120	0.5	22:03:31	20	5502	1	
0.001	120	0.5	19 days, 19:19:37	0	32879	0	
0.001	120	0.5	498 days, 19:26:31	0	32879	0	
0.001	120	0.5	29 days, 9:16:38	0	32879	0	
0.001	120	0.5	300 days, 17:42:37	26	2684	1	
0.001	120	0.5	7 days, 20:12:10	0	32879	0	
0.001	120	0.5	3 days, 17:32:57	26	10868	1	
0.001	120	0.5	14 days, 19:53:51	0	32879	0	
0.001	120	0.5	498 days, 19:26:31	0	32879	0	
0.001	120	0.5	18 days, 20:23:59	0	32879	0	
0.001	120	0.5	6 days, 20:14:42	0	32879	0	
0.001	120	0.5	2 days, 18:34:23	19	8915	1	
0.001	120	0.5	16 days, 4:18:15	0	32879	0	
0.001	120	0.5	18:46:53	19	4797	1	
0.001	120	0.5	17 days, 2:42:33	16	27781	1	
0.001	120	0.5	6 days, 10:13:10	1	32879	0	
0.001	120	0.5	28 days, 14:24:59	1	32879	0	
0.001	120	0.5	65 days, 18:01:51	19	1699	1	
0.001	120	0.5	13 days, 19:19:55	19	17293	1	
0.001	120	0.5	2 days, 3:42:18	0	32879	0	
0.001	120	0.5	6 days, 21:42:47	0	32879	0	
0.001	120	0.5	1 day, 23:47:57	0	32879	0	
0.001	120	0.5	250 days, 4:40:25	1	32879	0	
0.001	120	0.5	13 days, 22:25:00	0	32879	0	
0.001	120	0.5	20 days, 20:10:08	12	24605	1	
0.001	120	0.5	498 days, 19:26:31	0	32879	0	
0.001	120	0.5	7 days, 13:32:17	0	32879	0	
0.001	120	0.5	25 days, 9:39:28	0	32879	0	
0.001	120	0.5	22 days, 2:07:53	23	25875	1	
0.001	120	0.5	498 days, 19:26:31	0	32879	0	
0.001	120	0.5	8 days, 10:48:09	0	32879	0	
0.001	120	0.5	28 days, 1:33:59	15	32044	1	
0.001	120	0.5	170 days, 1:26:11	1	32879	0	
0.001	120	0.5	498 days, 19:26:31	0	32879	0	
0.001	120	0.5	20 days, 1:50:44	0	32879	0	
0.001	120	0.5	1 day, 6:51:09	24	19987	1	
0.001	120	0.5	29 days, 18:38:01	0	32879	0	
0.001	120	0.5	12 days, 9:10:16	13	16695	1	
0.001	120	0.5	1 day, 10:17:57	15	32763	1	
0.001	120	0.5	1 day, 2:56:11	10	2340	1	
0.001	120	0.5	12:22:53	11	10724	1	
0.001	120	0.5	498 days, 19:26:31	0	32879	0	
0.001	120	0.5	5:36:06	14	2982	1	
0.001	120	0.5	3:09:41	11	2634	1	
0.001	120	0.5	498 days, 19:26:31	0	32879	0	
0.001	120	0.5	29 days, 23:24:53	1	32879	0	
0.001	120	0.5	498 days, 19:26:31	0	32879	0	
0.001	120	0.5	21:54:04	26	32374	1	
0.001	120	0.5	19 days, 16:14:11	24	23520	1	
0.001	120	0.5	243 days, 11:43:09	25	16913	1	
0.001	120	0.5	264 days, 14:07:45	14	8970	1	
0.001	120	0.5	498 days, 19:26:31	0	32879	0	
0.001	120	0.5	20 days, 23:42:54	0	32879	0	
0.001	120	0.5	11:11:57	16	7956	1	
0.001	120	0.5	25 days, 15:36:07	0	32879	0	
0.001	120	0.5	21:08:09	14	25054	1	
0.001	120	0.5	498 days, 19:26:31	0	32879	0	
0.001	120	0.5	18:52:57	17	5501	1	
0.001	120	0.5	2 days, 22:56:34	23	6899	1	
0.001	120	0.5	4:25:04	14	5821	1	
0.001	120	0.5	1 day, 21:42:16	1	32879	0	
0.001	120	0.5	1 day, 21:24:07	24	31457	1	
0.001	120	0.5	1:28:16	10	13167	1	
0.001	120	0.5	14 days, 21:38:29	0	32879	0	
0.001	120	0.5	7 days, 22:35:55	20	11382	1	
0.001	120	0.5	27 days, 19:07:12	0	32879	0	
0.001	120	0.5	65 days, 21:34:32	21	1804	1	
0.001	120	0.5	498 days, 19:26:31	0	32879	0	
0.001	120	0.5	24 days, 5:57:49	8	29108	1	
0.001	120	0.5	173 days, 6:17:35	1	32879	0	
0.001	120	0.5	11 days, 18:00:55	19	32250	1	
0.001	120	0.5	20:44:43	13	30454	1	
0.001	120	0.5	12 days, 21:22:51	27	16959	1	
0.001	120	0.5	498 days, 19:26:31	0	32879	0	
0.001	120	0.5	1 day, 23:48:11	0	32879	0	
0.001	120	0.5	11 days, 18:50:44	0	32879	0	
0.001	120	0.5	21 days, 12:43:38	0	32879	0	
0.001	120	0.5	498 days, 19:26:31	0	32879	0	
0.001	120	0.5	29 days, 23:24:53	0	32879	0	
0.001	120	0.5	7 days, 3:33:58	17	9791	1	
0.001	120	0.5	1 day, 23:47:29	0	32879	0	
0.001	120	0.5	7 days, 6:23:14	16	9828	1	
0.001	120	0.5	28 days, 18:01:00	0	32879	0	
0.001	120	0.5	12 days, 18:13:45	0	32879	0	
0.001	120	0.5	222 days, 11:45:19	0	32879	0	
0.001	120	0.5	216 days, 20:24:52	0	32879	0	
0.001	120	0.5	498 days, 19:26:31	0	32879	0	
0.001	120	0.5	8 days, 1:54:01	20	10596	1	
0.001	120	0.5	498 days, 19:26:31	0	32879	0	
0.001	120	0.5	498 days, 19:26:31	0	32879	0	
0.001	120	0.5	13 days, 15:41:06	0	32879	0	
0.001	120	0.5	7 days, 23:06:46	0	32879	0	
0.001	120	0.5	5 days, 1:01:06	12	6169	1	
0.001	120	0.5	1 day, 20:48:29	1	32879	0	
0.001	120	0.5	1 day, 14:24:23	15	16983	1	
0.001	120	0.5	18 days, 16:55:00	22	23906	1	
0.001	120	0.5	27 days, 0:33:44	23	31247	1	
0.001	120	0.5	181 days, 20:10:43	17	2728	1	
0.001	120	0.5	2 days, 1:21:21	8	8149	1	
0.001	120	0.5	498 days, 19:26:31	0	32879	0	
0.001	120	0.5	6 days, 14:36:55	20	9324	1	
0.001	120	0.5	498 days, 19:26:31	0	32879	0	
0.001	120	0.5	6 days, 19:50:31	0	32879	0	
0.001	120	0.5	187 days, 9:40:20	30	1650	1	
0.001	120	0.5	11 days, 18:50:44	0	32879	0	
0.001	120	0.5	498 days, 19:26:31	0	32879	0	
0.001	120	0.5	11 days, 21:23:38	0	32879	0	
0.001	120	0.5	21 days, 0:24:00	12	22827	1	
0.001	120	0.5	241 days, 18:42:58	26	16371	1	
0.001	120	0.5	498 days, 19:26:31	0	32879	0	
0.001	120	0.5	498 days, 19:26:31	0	32879	0	
0.001	120	0.5	13:42:04	11	3754	1	
0.001	120	0.5	63 days, 3:11:03	1	32879	0	
0.001	120	0.5	498 days, 19:26:31	0	32879	0	
0.001	120	0.5	22:48:08	27	28357	1	
0.001	120	0.5	7 days, 5:07:04	21	13235	1	
0.001	120	0.5	3:31:26	20	10042	1	
0.001	120	0.5	7 days, 22:52:01	0	32879	0	
0.001	120	0.5	8 days, 18:43:20	1	32879	0	
0.001	120	0.5	498 days, 19:26:31	0	32879	0	
0.001	120	0.5	2 days, 1:34:58	23	5500	1	
0.001	120	0.5	464 days, 13:55:47	70	1568	1	
0.001	120	0.5	3 days, 16:41:56	9	4681	1	
0.001	120	0.5	1 day, 8:47:09	16	7237	1	
0.001	120	0.5	498 days, 19:26:31	0	32879	0	
0.001	120	0.5	9:26:16	0	32879	0	
0.001	120	0.5	3 days, 9:56:09	21	18118	1	
0.001	120	0.5	2 days, 19:42:58	19	7988	1	
0.001	120	0.5	498 days, 19:26:31	0	32879	0	
0.001	120	0.5	498 days, 19:26:31	0	32879	0	
0.001	120	0.5	11 days, 1:33:42	13	29898	1	
0.001	120	0.5	2 days, 15:37:16	40	28126	1	
0.001	120	0.5	294 days, 21:51:13	22	19750	1	
0.001	120	0.5	54 days, 1:08:50	9	2752	1	
0.001	120	0.5	19 days, 13:51:58	0	32879	0	
0.001	120	0.5	5 days, 18:16:04	16	17348	1	
0.001	120	0.5	1 day, 21:44:41	12	5735	1	
0.001	120	0.5	498 days, 19:26:31	0	32879	0	
0.001	120	0.5	3:04:15	11	7020	1	
0.001	120	0.5	3 days, 1:32:12	21	13234	1	
0.001	120	0.5	3 days, 17:10:03	13	4707	1	
0.001	120	0.5	28 days, 19:04:11	0	32879	0	
0.001	140	0.5	7 days, 13:29:00	15	28416	1	
0.001	140	0.5	379 days, 7:08:10	23	11295	1	
0.001	140	0.5	175 days, 1:43:03	0	32879	0	
0.001	140	0.5	66 days, 1:55:04	1	32879	0	
0.001	140	0.5	30 days, 1:42:03	0	32879	0	
0.001	140	0.5	13 days, 21:53:29	0	32879	0	
0.001	140	0.5	6 days, 12:44:48	11	9703	1	
0.001	140	0.5	7 days, 6:45:49	18	9741	1	
0.001	140	0.5	13 days, 19:46:12	26	18115	1	
0.001	140	0.5	7 days, 5:47:52	24	9717	1	
0.001	140	0.5	4 days, 22:59:49	29	31951	1	
0.001	140	0.5	12 days, 12:52:39	0	32879	0	
0.001	140	0.5	259 days, 16:59:07	18	5176	1	
0.001	140	0.5	1 day, 0:27:37	19	24885	1	
0.001	140	0.5	457 days, 18:37:32	28	2079	1	
0.001	140	0.5	7 days, 22:35:28	0	32879	0	
0.001	140	0.5	498 days, 19:26:31	0	32879	0	
0.001	140	0.5	185 days, 21:33:16	13	2574	1	
0.001	140	0.5	19:47:11	11	20914	1	
0.001	140	0.5	11 days, 17:54:32	0	32879	0	
0.001	140	0.5	13 days, 6:30:37	20	17629	1	
0.001	140	0.5	250 days, 4:40:25	0	32879	0	
0.001	140	0.5	4 days, 2:48:22	20	7540	1	
0.001	140	0.5	33 days, 20:40:53	1	32879	0	
0.001	140	0.5	1 day, 23:47:32	0	32879	0	
0.001	140	0.5	498 days, 19:26:31	0	32879	0	
0.001	140	0.5	6 days, 19:26:38	0	32879	0	
0.001	140	0.5	212 days, 17:21:23	16	30346	1	
0.001	140	0.5	498 days, 19:26:31	0	32879	0	
0.001	140	0.5	26 days, 13:58:56	0	32879	0	
0.001	140	0.5	498 days, 19:26:31	0	32879	0	
0.001	140	0.5	2 days, 22:53:00	10	8116	1	
0.001	140	0.5	14:55:23	16	3927	1	
0.001	140	0.5	24 days, 1:40:02	0	32879	0	
0.001	140	0.5	12 days, 23:51:46	1	32879	0	
0.001	140	0.5	9 days, 10:06:05	11	20879	1	
0.001	140	0.5	29 days, 12:26:12	0	32879	0	
0.001	140	0.5	29 days, 9:16:38	0	32879	0	
0.001	140	0.5	2 days, 19:54:47	14	14737	1	
0.001	140	0.5	498 days, 19:26:31	0	32879	0	
0.001	140	0.5	1 day, 23:47:52	0	32879	0	
0.001	140	0.5	14 days, 17:56:35	1	32879	0	
0.001	140	0.5	477 days, 19:28:00	14	12760	1	
0.001	140	0.5	1 day, 23:48:21	0	32879	0	
0.001	140	0.5	498 days, 19:26:31	0	32879	0	
0.001	140	0.5	5 days, 2:12:26	16	8924	1	
0.001	140	0.5	1 day, 21:50:39	22	5421	1	
0.001	140	0.5	8 days, 10:48:09	0	32879	0	
0.001	140	0.5	22 days, 17:05:16	0	32879	0	
0.001	140	0.5	14 days, 21:21:20	0	32879	0	
0.001	140	0.5	3 days, 18:32:23	22	7756	1	
0.001	140	0.5	21:22:26	10	2481	1	
0.001	140	0.5	498 days, 19:26:31	0	32879	0	
0.001	140	0.5	18 days, 22:23:00	10	22420	1	
0.001	140	0.5	498 days, 19:26:31	0	32879	0	
0.001	140	0.5	14 days, 8:19:07	27	17139	1	
0.001	140	0.5	19 days, 22:53:35	0	32879	0	
0.001	140	0.5	2:25:21	9	17914	1	
0.001	140	0.5	8 days, 23:11:18	0	32879	0	
0.001	140	0.5	1 day, 21:07:41	16	4128	1	
0.001	140	0.5	29 days, 3:36:34	0	32879	0	
0.001	140	0.5	24 days, 1:40:02	0	32879	0	
0.001	140	0.5	1 day, 7:05:40	9	26293	1	
0.001	140	0.5	498 days, 19:26:31	0	32879	0	
0.001	140	0.5	23:05:38	13	2069	1	
0.001	140	0.5	25 days, 9:39:28	0	32879	0	
0.001	140	0.5	24 days, 20:22:16	0	32879	0	
0.001	140	0.5	1 day, 4:56:32	14	4128	1	
0.001	140	0.5	2 days, 12:52:51	1	32879	0	
0.001	140	0.5	498 days, 19:26:31	0	32879	0	
0.001	140	0.5	3:50:10	16	32042	1	
0.001	140	0.5	498 days, 19:26:31	0	32879	0	
0.001	140	0.5	7 days, 20:01:29	0	32879	0	
0.001	140	0.5	1 day, 1:12:24	23	28666	1	
0.001	140	0.5	1 day, 23:47:28	0	32879	0	
0.001	140	0.5	3 days, 5:03:02	9	3695	1	
0.001	140	0.5	14 days, 19:53:51	0	32879	0	
0.001	140	0.5	1 day, 2:55:34	8	2444	1	
0.001	140	0.5	7:10:18	7	9888	1	
0.001	140	0.5	196 days, 0:13:39	0	32879	0	
0.001	140	0.5	19 days, 20:24:03	0	32879	0	
0.001	140	0.5	26 days, 9:18:47	0	32879	0	
0.001	140	0.5	26 days, 13:40:10	0	32879	0	
0.001	140	0.5	1 day, 16:19:56	12	5764	1	
0.001	140	0.5	18:21:21	20	32248	1	
0.001	140	0.5	105 days, 22:11:41	20	7247	1	
0.001	140	0.5	498 days, 19:26:31	0	32879	0	
0.001	140	0.5	8 days, 22:17:04	0	32879	0	
0.001	140	0.5	6 days, 8:14:39	16	22817	1	
0.001	140	0.5	498 days, 19:26:31	0	32879	0	
0.001	140	0.5	14 days, 21:48:34	0	32879	0	
0.001	140	0.5	1 day, 1:46:23	19	32593	1	
0.001	140	0.5	9 days, 4:13:09	0	32879	0	
0.001	140	0.5	3 days, 10:45:00	23	18141	1	
0.001	140	0.5	1 day, 23:48:33	0	32879	0	
0.001	140	0.5	110 days, 0:48:20	1	32879	0	
0.001	140	0.5	498 days, 19:26:31	0	32879	0	
0.001	140	0.5	20 days, 20:06:43	0	32879	0	
0.001	140	0.5	188 days, 20:47:03	0	32879	0	
0.001	140	0.5	321 days, 6:03:10	17	3138	1	
0.001	140	0.5	13 days, 16:18:46	0	32879	0	
0.001	140	0.5	1 day, 23:48:33	0	32879	0	
0.001	140	0.5	1 day, 19:41:49	22	3139	1	
0.001	140	0.5	498 days, 19:26:31	0	32879	0	
0.001	140	0.5	4:39:16	9	2823	1	
0.001	140	0.5	29 days, 3:36:34	0	32879	0	
0.001	140	0.5	5 days, 4:09:04	0	32879	0	
0.001	140	0.5	498 days, 19:26:31	0	32879	0	
0.001	140	0.5	14:42:28	14	28393	1	
0.001	140	0.5	7:24:16	9	22622	1	
0.001	140	0.5	29 days, 12:26:12	1	32879	0	
0.001	140	0.5	26 days, 23:03:49	0	32879	0	
0.001	140	0.5	15 days, 19:29:48	11	22167	1	
0.001	140	0.5	498 days, 19:26:31	0	32879	0	
0.001	140	0.5	457 days, 18:36:02	19	2067	1	
0.001	140	0.5	4 days, 10:07:04	20	18151	1	
0.001	140	0.5	351 days, 1:21:19	0	32879	0	
0.001	140	0.5	15 days, 22:21:19	0	32879	0	
0.001	140	0.5	26 days, 19:08:51	0	32879	0	
0.001	140	0.5	1 day, 23:47:25	0	32879	0	
0.001	140	0.5	29 days, 21:06:42	1	32879	0	
0.001	140	0.5	19 days, 22:45:29	0	32879	0	
0.001	140	0.5	25 days, 15:22:26	0	32879	0	
0.001	140	0.5	498 days, 19:26:31	0	32879	0	
0.001	140	0.5	201 days, 21:39:03	19	11382	1	
0.001	140	0.5	1 day, 23:48:17	0	32879	0	
0.001	140	0.5	12 days, 22:58:27	0	32879	0	
0.001	140	0.5	28 days, 17:45:52	0	32879	0	
0.001	140	0.5	248 days, 5:19:27	0	32879	0	
0.001	140	0.5	8 days, 10:48:09	0	32879	0	
0.001	140	0.5	1 day, 23:48:38	0	32879	0	
0.001	140	0.5	13 days, 13:53:40	26	16913	1	
0.001	140	0.5	16 days, 2:45:55	0	32879	0	
0.001	140	0.5	498 days, 19:26:31	0	32879	0	
0.001	140	0.5	14 days, 23:14:08	0	32879	0	
0.001	140	0.5	1 day, 23:14:36	17	5500	1	
0.001	140	0.5	1 day, 23:15:05	0	32879	0	
0.001	140	0.5	347 days, 21:29:22	13	3914	1	
0.001	140	0.5	3 days, 21:52:29	0	32879	0	
0.001	140	0.5	4 days, 7:34:35	26	10346	1	
0.001	140	0.5	196 days, 19:42:01	16	21337	1	
0.001	140	0.5	183 days, 23:50:15	0	32879	0	
0.001	140	0.5	498 days, 19:26:31	0	32879	0	
0.001	140	0.5	13 days, 18:08:33	16	17142	1	
0.001	140	0.5	498 days, 19:26:31	0	32879	0	
0.001	140	0.5	26 days, 21:04:25	0	32879	0	
0.001	140	0.5	133 days, 2:02:13	14	6285	1	
0.001	140	0.5	1 day, 23:48:17	0	32879	0	
0.001	140	0.5	6 days, 20:21:14	0	32879	0	
0.001	140	0.5	86 days, 0:12:51	0	32879	0	
0.001	140	0.5	4:00:39	8	10104	1	
0.001	140	0.5	1 day, 23:47:28	0	32879	0	
0.001	140	0.5	2 days, 11:33:27	12	7236	1	
0.001	140	0.5	8 days, 21:20:54	0	32879	0	
0.001	140	0.5	219 days, 13:04:58	17	7542	1	
0.001	140	0.5	26 days, 11:37:00	15	32767	1	
0.001	140	0.5	19 days, 19:12:23	13	28408	1	
0.001	140	0.5	8 days, 23:25:39	11	14732	1	
0.001	140	0.5	498 days, 19:26:31	0	32879	0	
0.001	140	0.5	7 days, 7:34:38	14	9899	1	
0.001	140	0.5	129 days, 4:11:04	0	32879	0	
0.001	140	0.5	1 day, 23:48:45	0	32879	0	
0.001	140	0.5	498 days, 19:26:31	0	32879	0	
0.001	140	0.5	217 days, 18:34:33	20	5659	1	
0.001	140	0.5	27 days, 16:09:19	0	32879	0	
0.001	140	0.5	196 days, 0:13:39	1	32879	0	
0.001	140	0.5	14 days, 21:38:29	0	32879	0	
0.001	140	0.5	498 days, 19:26:31	0	32879	0	
0.001	140	0.5	29 days, 19:29:01	0	32879	0	
0.001	140	0.5	7 days, 9:34:21	31	9822	1	
0.001	140	0.5	8 days, 19:40:47	0	32879	0	
0.001	140	0.5	1 day, 7:01:07	21	32769	1	
0.001	140	0.5	1 day, 1:16:36	16	5816	1	
0.001	140	0.5	498 days, 19:26:31	0	32879	0	
0.001	140	0.5	29 days, 18:38:01	0	32879	0	
0.001	140	0.5	27 days, 16:26:46	0	32879	0	
0.001	140	0.5	285 days, 4:11:08	1	32879	0	
0.001	140	0.5	19 days, 21:45:29	0	32879	0	
0.001	140	0.5	473 days, 8:11:15	0	32879	0	
0.001	140	0.5	498 days, 19:26:31	0	32879	0	
0.001	140	0.5	14 days, 5:28:49	14	32054	1	
0.001	140	0.5	498 days, 19:26:31	0	32879	0	
0.001	140	0.5	2 days, 1:42:57	14	8676	1	
0.001	140	0.5	16 days, 20:59:53	0	32879	0	
0.001	140	0.5	195 days, 22:46:59	21	5333	1	
0.001	140	0.5	498 days, 19:26:31	0	32879	0	
0.001	140	0.5	27 days, 20:02:58	0	32879	0	
0.001	140	0.5	14 days, 17:45:26	0	32879	0	
0.001	140	0.5	28 days, 20:13:22	0	32879	0	
0.001	140	0.5	9 days, 13:07:07	13	21326	1	
0.001	140	0.5	16 days, 1:24:18	2	32879	0	
0.001	140	0.5	26 days, 22:02:53	17	32044	1	
0.001	140	0.5	498 days, 19:26:31	0	32879	0	
0.001	140	0.5	1 day, 23:48:52	0	32879	0	
0.001	140	0.5	498 days, 19:26:31	0	32879	0	
0.001	140	0.5	22:27:09	18	32391	1	
0.001	140	0.5	498 days, 19:26:31	0	32879	0	
0.001	140	0.5	2 days, 6:06:12	13	5712	1	
0.001	140	0.5	4 days, 3:02:07	13	7731	1	
0.001	140	0.5	2 days, 13:09:52	18	5551	1	
0.001	160	0.5	22 days, 0:03:22	0	32879	0	
0.001	160	0.5	5 days, 23:45:56	20	23906	1	
0.001	160	0.5	348 days, 21:16:37	15	5176	1	
0.001	160	0.5	29 days, 16:22:36	1	32879	0	
0.001	160	0.5	498 days, 19:26:31	0	32879	0	
0.001	160	0.5	29 days, 21:02:37	0	32879	0	
0.001	160	0.5	20 days, 11:18:32	0	32879	0	
0.001	160	0.5	6 days, 14:17:26	0	32879	0	
0.001	160	0.5	1 day, 22:16:47	12	7044	1	
0.001	160	0.5	3 days, 23:53:27	8	15255	1	
0.001	160	0.5	498 days, 19:26:31	0	32879	0	
0.001	160	0.5	11 days, 23:17:21	0	32879	0	
0.001	160	0.5	2 days, 1:59:27	24	13423	1	
0.001	160	0.5	1 day, 1:26:22	16	32549	1	
0.001	160	0.5	5 days, 23:03:10	0	32879	0	
0.001	160	0.5	15:40:37	9	3598	1	
0.001	160	0.5	217 days, 6:15:22	16	3140	1	
0.001	160	0.5	15 days, 19:53:53	0	32879	0	
0.001	160	0.5	2:50:10	11	9995	1	
0.001	160	0.5	1 day, 23:47:52	0	32879	0	
0.001	160	0.5	498 days, 19:26:31	0	32879	0	
0.001	160	0.5	21 days, 7:33:07	16	25093	1	
0.001	160	0.5	25 days, 2:10:32	13	32042	1	
0.001	160	0.5	12 days, 22:37:55	0	32879	0	
0.001	160	0.5	20 days, 8:07:30	11	24357	1	
0.001	160	0.5	3 days, 18:36:22	22	7750	1	
0.001	160	0.5	6 days, 5:52:47	20	9625	1	
0.001	160	0.5	19 days, 20:17:30	1	32879	0	
0.001	160	0.5	498 days, 19:26:31	0	32879	0	
0.001	160	0.5	498 days, 19:26:31	0	32879	0	
0.001	160	0.5	22:24:50	14	32390	1	
0.001	160	0.5	15 days, 19:38:43	16	23034	1	
0.001	160	0.5	217 days, 15:34:30	0	32879	0	
0.001	160	0.5	20 days, 23:42:54	0	32879	0	
0.001	160	0.5	28 days, 23:28:28	0	32879	0	
0.001	160	0.5	498 days, 19:26:31	0	32879	0	
0.001	160	0.5	26 days, 21:04:25	0	32879	0	
0.001	160	0.5	1 day, 4:33:13	18	4107	1	
0.001	160	0.5	6 days, 23:05:31	13	26007	1	
0.001	160	0.5	237 days, 0:24:37	1	32879	0	
0.001	160	0.5	21:56:40	11	3864	1	
0.001	160	0.5	10:55:54	17	12513	1	
0.001	160	0.5	6 days, 20:25:57	1	32879	0	
0.001	160	0.5	498 days, 19:26:31	0	32879	0	
0.001	160	0.5	5 days, 23:26:58	0	32879	0	
0.001	160	0.5	1 day, 23:48:50	0	32879	0	
0.001	160	0.5	21 days, 0:07:59	15	23877	1	
0.001	160	0.5	4 days, 19:54:28	17	15584	1	
0.001	160	0.5	498 days, 19:26:31	0	32879	0	
0.001	160	0.5	4 days, 20:21:09	11	25466	1	
0.001	160	0.5	498 days, 19:26:31	0	32879	0	
0.001	160	0.5	3 days, 16:31:28	16	12177	1	
0.001	160	0.5	12 days, 22:58:27	0	32879	0	
0.001	160	0.5	9:24:51	13	4707	1	
0.001	160	0.5	4 days, 12:30:12	17	7939	1	
0.001	160	0.5	16 days, 3:56:26	0	32879	0	
0.001	160	0.5	9 days, 18:19:39	0	32879	0	
0.001	160	0.5	2:53:57	13	6974	1	
0.001	160	0.5	9 days, 16:50:29	29	16305	1	
0.001	160	0.5	15 days, 23:18:49	27	25166	1	
0.001	160	0.5	229 days, 8:17:41	17	4789	1	
0.001	160	0.5	209 days, 16:24:32	0	32879	0	
0.001	160	0.5	7 days, 2:02:19	0	32879	0	
0.001	160	0.5	2:32:48	11	3084	1	
0.001	160	0.5	4:54:06	12	19239	1	
0.001	160	0.5	2 days, 19:02:32	18	32511	1	
0.001	160	0.5	498 days, 19:26:31	0	32879	0	
0.001	160	0.5	8 days, 14:24:02	0	32879	0	
0.001	160	0.5	498 days, 19:26:31	0	32879	0	
0.001	160	0.5	498 days, 19:26:31	0	32879	0	
0.001	160	0.5	22 days, 21:11:34	0	32879	0	
0.001	160	0.5	12:28:08	13	3539	1	
0.001	160	0.5	1 day, 0:56:54	9	2052	1	
0.001	160	0.5	498 days, 19:26:31	0	32879	0	
0.001	160	0.5	21 days, 20:46:40	0	32879	0	
0.001	160	0.5	498 days, 19:26:31	0	32879	0	
0.001	160	0.5	304 days, 20:18:09	14	2340	1	
0.001	160	0.5	3 days, 19:58:36	9	9958	1	
0.001	160	0.5	248 days, 5:19:27	1	32879	0	
0.001	160	0.5	27 days, 16:09:19	0	32879	0	
0.001	160	0.5	260 days, 13:57:27	11	6250	1	
0.001	160	0.5	498 days, 19:26:31	0	32879	0	
0.001	160	0.5	20 days, 15:29:12	16	24321	1	
0.001	160	0.5	12 days, 18:13:45	0	32879	0	
0.001	160	0.5	11:25:07	22	19484	1	
0.001	160	0.5	28 days, 0:42:13	14	31948	1	
0.001	160	0.5	498 days, 19:26:31	0	32879	0	
0.001	160	0.5	3 days, 9:25:03	16	8885	1	
0.001	160	0.5	1 day, 23:48:06	0	32879	0	
0.001	160	0.5	2 days, 1:19:44	6	1934	1	
0.001	160	0.5	11 days, 1:52:36	12	15523	1	
0.001	160	0.5	498 days, 19:26:31	0	32879	0	
0.001	160	0.5	6:50:25	13	8237	1	
0.001	160	0.5	1 day, 4:08:23	0	32879	0	
0.001	160	0.5	20 days, 18:57:04	0	32879	0	
0.001	160	0.5	498 days, 19:26:31	0	32879	0	
0.001	160	0.5	7 days, 23:22:36	0	32879	0	
0.001	160	0.5	19 days, 0:21:34	0	32879	0	
0.001	160	0.5	24 days, 1:40:02	0	32879	0	
0.001	160	0.5	9 days, 18:19:39	0	32879	0	
0.001	160	0.5	26 days, 9:25:33	0	32879	0	
0.001	160	0.5	1 day, 22:59:18	2	32879	0	
0.001	160	0.5	22 days, 22:02:39	0	32879	0	
0.001	160	0.5	6:26:48	10	4550	1	
0.001	160	0.5	5 days, 18:20:32	8	29103	1	
0.001	160	0.5	23:49:52	14	22195	1	
0.001	160	0.5	1 day, 22:58:00	16	6526	1	
0.001	160	0.5	498 days, 19:26:31	0	32879	0	
0.001	160	0.5	11 days, 1:23:27	11	32116	1	
0.001	160	0.5	4:45:28	12	2513	1	
0.001	160	0.5	3 days, 3:58:49	15	9855	1	
0.001	160	0.5	83 days, 10:59:03	1	32879	0	
0.001	160	0.5	4 days, 21:55:17	0	32879	0	
0.001	160	0.5	19 days, 21:45:29	0	32879	0	
0.001	160	0.5	29 days, 0:09:13	1	32879	0	
0.001	160	0.5	8 days, 19:31:16	16	15200	1	
0.001	160	0.5	498 days, 19:26:31	0	32879	0	
0.001	160	0.5	173 days, 21:17:10	15	32044	1	
0.001	160	0.5	27 days, 2:10:37	0	32879	0	
0.001	160	0.5	19 days, 20:02:40	28	25540	1	
0.001	160	0.5	17:21:45	15	15358	1	
0.001	160	0.5	11 days, 21:23:38	0	32879	0	
0.001	160	0.5	255 days, 5:16:35	13	2741	1	
0.001	160	0.5	8 days, 15:16:25	21	10937	1	
0.001	160	0.5	498 days, 19:26:31	0	32879	0	
0.001	160	0.5	65 days, 5:31:33	18	1658	1	
0.001	160	0.5	22 days, 22:02:39	0	32879	0	
0.001	160	0.5	54 days, 0:52:04	10	2728	1	
0.001	160	0.5	18:50:24	17	7756	1	
0.001	160	0.5	2:21:37	13	2360	1	
0.001	160	0.5	6 days, 21:26:56	7	9211	1	
0.001	160	0.5	5:31:28	11	4493	1	
0.001	160	0.5	195 days, 19:51:33	25	5500	1	
0.001	160	0.5	2 days, 22:18:39	24	23906	1	
0.001	160	0.5	27 days, 16:50:20	0	32879	0	
0.001	160	0.5	498 days, 19:26:31	0	32879	0	
0.001	160	0.5	498 days, 19:26:31	0	32879	0	
0.001	160	0.5	498 days, 19:26:31	0	32879	0	
0.001	160	0.5	2 days, 7:22:13	18	5470	1	
0.001	160	0.5	498 days, 19:26:31	0	32879	0	
0.001	160	0.5	26 days, 16:47:43	0	32879	0	
0.001	160	0.5	2 days, 15:26:11	8	13935	1	
0.001	160	0.5	1 day, 12:27:10	6	6431	1	
0.001	160	0.5	498 days, 19:26:31	0	32879	0	
0.001	160	0.5	172 days, 19:24:50	14	3991	1	
0.001	160	0.5	1 day, 7:01:08	19	32767	1	
0.001	160	0.5	1 day, 23:48:24	0	32879	0	
0.001	160	0.5	20:32:01	14	3509	1	
0.001	160	0.5	2 days, 3:22:51	4	32879	0	
0.001	160	0.5	7 days, 15:29:09	1	32879	0	
0.001	160	0.5	8:06:03	11	3135	1	
0.001	160	0.5	330 days, 17:01:40	0	32879	0	
0.001	160	0.5	12 days, 0:51:31	0	32879	0	
0.001	160	0.5	7 days, 4:07:46	16	21421	1	
0.001	160	0.5	1 day, 1:27:07	14	32549	1	
0.001	160	0.5	53 days, 23:45:15	13	2516	1	
0.001	160	0.5	12 days, 21:09:40	23	16910	1	
0.001	160	0.5	17:46:22	18	15415	1	
0.001	160	0.5	1:31:10	11	13284	1	
0.001	160	0.5	15 days, 22:21:19	0	32879	0	
0.001	160	0.5	3 days, 22:26:32	11	6104	1	
0.001	160	0.5	16 days, 20:16:50	8	20364	1	
0.001	160	0.5	29 days, 22:19:48	0	32879	0	
0.001	160	0.5	18 days, 23:43:01	23	25894	1	
0.001	160	0.5	15:37:30	11	8125	1	
0.001	160	0.5	1 day, 4:33:15	18	32706	1	
0.001	160	0.5	2 days, 7:37:26	16	5817	1	
0.001	160	0.5	27 days, 23:17:48	0	32879	0	
0.001	160	0.5	18:51:31	1	32879	0	
0.001	160	0.5	7 days, 9:46:57	11	10706	1	
0.001	160	0.5	20 days, 19:56:08	0	32879	0	
0.001	160	0.5	18 days, 18:04:09	0	32879	0	
0.001	160	0.5	27 days, 20:02:58	0	32879	0	
0.001	160	0.5	6 days, 2:50:48	8	8172	1	
0.001	160	0.5	4 days, 22:24:56	0	32879	0	
0.001	160	0.5	8 days, 8:38:19	9	14411	1	
0.001	160	0.5	3:50:36	16	32055	1	
0.001	160	0.5	22:45:39	14	3515	1	
0.001	160	0.5	12 days, 19:01:46	10	21041	1	
0.001	160	0.5	498 days, 19:26:31	0	32879	0	
0.001	160	0.5	28 days, 1:33:41	1	32879	0	
0.001	160	0.5	4:13:23	12	2728	1	
0.001	160	0.5	53 days, 21:31:12	9	2261	1	
0.001	160	0.5	168 days, 15:32:49	0	32879	0	
0.001	160	0.5	1 day, 16:19:31	16	15156	1	
0.001	160	0.5	498 days, 19:26:31	0	32879	0	
0.001	160	0.5	30 days, 14:06:12	1	32879	0	
0.001	160	0.5	10 days, 19:46:02	14	15035	1	
0.001	160	0.5	28 days, 19:30:31	0	32879	0	
0.001	160	0.5	13 days, 22:04:55	0	32879	0	
0.001	160	0.5	1 day, 22:20:11	17	19951	1	
0.001	160	0.5	2 days, 12:15:52	11	7238	1	
0.001	160	0.5	18 days, 18:59:24	0	32879	0	
0.001	160	0.5	22:01:10	15	13134	1	
0.001	160	0.5	1 day, 9:25:43	17	12334	1	
0.001	160	0.5	1 day, 14:21:39	0	32879	0	
0.001	160	0.5	3:49:33	10	32045	1	
0.001	160	0.5	498 days, 19:26:31	0	32879	0	
0.001	160	0.5	498 days, 19:26:31	0	32879	0	
0.001	160	0.5	498 days, 19:26:31	0	32879	0	
0.001	180	0.5	1 day, 23:47:40	0	32879	0	
0.001	180	0.5	324 days, 22:02:02	11	7493	1	
0.001	180	0.5	1 day, 11:08:48	14	20812	1	
0.001	180	0.5	498 days, 19:26:31	0	32879	0	
0.001	180	0.5	498 days, 19:26:31	0	32879	0	
0.001	180	0.5	498 days, 19:26:31	0	32879	0	
0.001	180	0.5	131 days, 14:17:01	0	32879	0	
0.001	180	0.5	4 days, 17:53:53	1	32879	0	
0.001	180	0.5	3 days, 23:15:32	13	6288	1	
0.001	180	0.5	498 days, 19:26:31	0	32879	0	
0.001	180	0.5	29 days, 21:32:06	1	32879	0	
0.001	180	0.5	1 day, 1:26:05	11	32549	1	
0.001	180	0.5	9 days, 16:41:14	18	15522	1	
0.001	180	0.5	6 days, 20:25:40	9	26958	1	
0.001	180	0.5	4:38:43	10	3149	1	
0.001	180	0.5	9:34:50	11	3145	1	
0.001	180	0.5	498 days, 19:26:31	0	32879	0	
0.001	180	0.5	498 days, 19:26:31	0	32879	0	
0.001	180	0.5	11 days, 16:55:54	11	17471	1	
0.001	180	0.5	28 days, 3:19:46	9	32016	1	
0.001	180	0.5	207 days, 19:15:42	0	32879	0	
0.001	180	0.5	7 days, 13:55:04	0	32879	0	
0.001	180	0.5	18 days, 18:59:24	0	32879	0	
0.001	180	0.5	1 day, 23:48:27	0	32879	0	
0.001	180	0.5	498 days, 19:26:31	0	32879	0	
0.001	180	0.5	1 day, 16:43:43	1	32879	0	
0.001	180	0.5	8 days, 12:30:26	0	32879	0	
0.001	180	0.5	1 day, 23:45:29	0	32879	0	
0.001	180	0.5	498 days, 19:26:31	0	32879	0	
0.001	180	0.5	498 days, 19:26:31	0	32879	0	
0.001	180	0.5	12 days, 22:36:16	9	16565	1	
0.001	180	0.5	29 days, 3:36:34	0	32879	0	
0.001	180	0.5	12 days, 4:20:58	16	16305	1	
0.001	180	0.5	498 days, 19:26:31	0	32879	0	
0.001	180	0.5	7:06:53	14	32037	1	
0.001	180	0.5	1 day, 23:47:52	0	32879	0	
0.001	180	0.5	23:26:52	16	22235	1	
0.001	180	0.5	498 days, 19:26:31	0	32879	0	
0.001	180	0.5	13 days, 16:42:54	0	32879	0	
0.001	180	0.5	9 days, 2:36:41	0	32879	0	
0.001	180	0.5	4 days, 5:43:08	10	10138	1	
0.001	180	0.5	3:54:07	6	8101	1	
0.001	180	0.5	1 day, 15:48:34	0	32879	0	
0.001	180	0.5	7 days, 11:39:15	10	13346	1	
0.001	180	0.5	1:19:02	11	26076	1	
0.001	180	0.5	15 days, 22:21:19	0	32879	0	
0.001	180	0.5	3 days, 3:11:55	12	6620	1	
0.001	180	0.5	20 days, 18:34:59	0	32879	0	
0.001	180	0.5	1 day, 15:49:30	18	5500	1	
0.001	180	0.5	498 days, 19:26:31	0	32879	0	
0.001	180	0.5	1 day, 23:47:29	0	32879	0	
0.001	180	0.5	498 days, 19:26:31	0	32879	0	
0.001	180	0.5	22 days, 21:18:04	0	32879	0	
0.001	180	0.5	473 days, 8:11:15	0	32879	0	
0.001	180	0.5	27 days, 17:22:30	0	32879	0	
0.001	180	0.5	498 days, 19:26:31	0	32879	0	
0.001	180	0.5	9 days, 1:32:40	19	13627	1	
0.001	180	0.5	1 day, 2:26:29	21	19953	1	
0.001	180	0.5	1 day, 2:43:10	11	4129	1	
0.001	180	0.5	498 days, 19:26:31	0	32879	0	
0.001	180	0.5	4 days, 18:23:34	8	6157	1	
0.001	180	0.5	29 days, 13:57:50	0	32879	0	
0.001	180	0.5	196 days, 0:13:39	1	32879	0	
0.001	180	0.5	0:00:00	15	2293	1	
0.001	180	0.5	3 days, 2:15:19	14	32116	1	
0.001	180	0.5	2 days, 21:00:16	3	30236	1	
0.001	180	0.5	28 days, 17:45:52	1	32879	0	
0.001	180	0.5	4:53:52	8	9649	1	
0.001	180	0.5	498 days, 19:26:31	0	32879	0	
0.001	180	0.5	25 days, 23:23:56	0	32879	0	
0.001	180	0.5	19 days, 12:35:46	20	31485	1	
0.001	180	0.5	2 days, 11:50:18	14	8961	1	
0.001	180	0.5	12 days, 22:56:05	0	32879	0	
0.001	180	0.5	2 days, 7:15:59	13	5688	1	
0.001	180	0.5	66 days, 3:26:40	8	1866	1	
0.001	180	0.5	266 days, 21:02:12	11	15158	1	
0.001	180	0.5	12 days, 19:48:48	0	32879	0	
0.001	180	0.5	9 days, 16:41:14	14	15522	1	
0.001	180	0.5	10 days, 9:35:20	9	11376	1	
0.001	180	0.5	1 day, 23:48:15	0	32879	0	
0.001	180	0.5	15:53:42	15	5012	1	
0.001	180	0.5	12 days, 18:01:59	14	25036	1	
0.001	180	0.5	3 days, 11:35:50	3	32879	0	
0.001	180	0.5	12 days, 20:42:50	0	32879	0	
0.001	180	0.5	4 days, 15:43:57	24	31560	1	
0.001	180	0.5	5 days, 16:56:59	22	10962	1	
0.001	180	0.5	498 days, 19:26:31	0	32879	0	
0.001	180	0.5	2 days, 22:37:39	16	30938	1	
0.001	180	0.5	13 days, 16:18:46	0	32879	0	
0.001	180	0.5	8 days, 23:11:18	0	32879	0	
0.001	180	0.5	498 days, 19:26:31	0	32879	0	
0.001	180	0.5	20:24:53	21	32311	1	
0.001	180	0.5	1 day, 5:02:04	19	5459	1	
0.001	180	0.5	1 day, 10:28:57	15	20692	1	
0.001	180	0.5	498 days, 19:26:31	0	32879	0	
0.001	180	0.5	2 days, 3:10:30	12	3927	1	
0.001	180	0.5	6 days, 20:21:14	0	32879	0	
0.001	180	0.5	18 days, 22:39:24	0	32879	0	
0.001	180	0.5	21 days, 20:12:47	1	32879	0	
0.001	180	0.5	207 days, 19:15:42	0	32879	0	
0.001	180	0.5	13 days, 4:04:55	13	17742	1	
0.001	180	0.5	1 day, 23:47:47	0	32879	0	
0.001	180	0.5	1 day, 23:47:28	0	32879	0	
0.001	180	0.5	18 days, 23:35:24	0	32879	0	
0.001	180	0.5	4 days, 14:08:36	13	17396	1	
0.001	180	0.5	65 days, 5:00:28	21	1650	1	
0.001	180	0.5	10:40:19	15	12480	1	
0.001	180	0.5	3 days, 18:17:47	12	7967	1	
0.001	180	0.5	498 days, 19:26:31	0	32879	0	
0.001	180	0.5	14 days, 0:15:36	0	32879	0	
0.001	180	0.5	209 days, 2:04:36	0	32879	0	
0.001	180	0.5	1 day, 12:14:32	8	6431	1	
0.001	180	0.5	22 days, 18:24:13	0	32879	0	
0.001	180	0.5	498 days, 19:26:31	0	32879	0	
0.001	180	0.5	1 day, 20:49:01	1	32879	0	
0.001	180	0.5	498 days, 19:26:31	0	32879	0	
0.001	180	0.5	17:02:56	9	29917	1	
0.001	180	0.5	3 days, 5:39:51	16	7247	1	
0.001	180	0.5	25 days, 23:54:14	0	32879	0	
0.001	180	0.5	17 days, 3:39:11	16	26046	1	
0.001	180	0.5	9 days, 8:35:26	17	16196	1	
0.001	180	0.5	24 days, 3:29:16	0	32879	0	
0.001	180	0.5	27 days, 20:02:58	1	32879	0	
0.001	180	0.5	1 day, 23:47:12	0	32879	0	
0.001	180	0.5	18 days, 18:04:09	1	32879	0	
0.001	180	0.5	209 days, 20:43:06	9	3079	1	
0.001	180	0.5	498 days, 19:26:31	0	32879	0	
0.001	180	0.5	498 days, 19:26:31	0	32879	0	
0.001	180	0.5	27 days, 3:53:54	0	32879	0	
0.001	180	0.5	486 days, 11:23:55	0	32879	0	
0.001	180	0.5	8 days, 10:48:09	0	32879	0	
0.001	180	0.5	498 days, 19:26:31	0	32879	0	
0.001	180	0.5	28 days, 6:00:51	30	31457	1	
0.001	180	0.5	12 days, 0:51:31	0	32879	0	
0.001	180	0.5	29 days, 20:43:36	0	32879	0	
0.001	180	0.5	498 days, 19:26:31	0	32879	0	
0.001	180	0.5	24 days, 0:23:02	0	32879	0	
0.001	180	0.5	498 days, 19:26:31	0	32879	0	
0.001	180	0.5	20:41:39	18	17564	1	
0.001	180	0.5	205 days, 18:11:39	11	1846	1	
0.001	180	0.5	498 days, 19:26:31	0	32879	0	
0.001	180	0.5	12 days, 23:18:55	0	32879	0	
0.001	180	0.5	22:30:27	12	13236	1	
0.001	180	0.5	15 days, 1:05:08	0	32879	0	
0.001	180	0.5	22 days, 15:37:34	1	32879	0	
0.001	180	0.5	498 days, 19:26:31	0	32879	0	
0.001	180	0.5	4 days, 13:53:49	13	23581	1	
0.001	180	0.5	1 day, 20:48:29	1	32879	0	
0.001	180	0.5	5 days, 8:56:12	1	32879	0	
0.001	180	0.5	498 days, 19:26:31	0	32879	0	
0.001	180	0.5	13 days, 4:32:05	14	17558	1	
0.001	180	0.5	22:56:35	20	32793	1	
0.001	180	0.5	8 days, 15:51:04	0	32879	0	
0.001	180	0.5	322 days, 21:19:57	0	32879	0	
0.001	180	0.5	131 days, 6:48:05	0	32879	0	
0.001	180	0.5	498 days, 19:26:31	0	32879	0	
0.001	180	0.5	29 days, 18:38:01	0	32879	0	
0.001	180	0.5	498 days, 19:26:31	0	32879	0	
0.001	180	0.5	498 days, 19:26:31	0	32879	0	
0.001	180	0.5	7 days, 22:52:01	0	32879	0	
0.001	180	0.5	9 days, 4:28:55	12	15998	1	
0.001	180	0.5	498 days, 19:26:31	0	32879	0	
0.001	180	0.5	286 days, 0:54:58	0	32879	0	
0.001	180	0.5	25 days, 16:23:08	0	32879	0	
0.001	180	0.5	18 days, 19:17:21	24	25176	1	
0.001	180	0.5	20:35:34	9	2027	1	
0.001	180	0.5	498 days, 19:26:31	0	32879	0	
0.001	180	0.5	18 days, 15:52:08	12	28938	1	
0.001	180	0.5	12:55:12	11	13952	1	
0.001	180	0.5	9 days, 2:58:44	0	32879	0	
0.001	180	0.5	4 days, 21:02:29	18	23086	1	
0.001	180	0.5	26 days, 14:56:10	4	32879	0	
0.001	180	0.5	29 days, 12:54:56	0	32879	0	
0.001	180	0.5	32 days, 3:16:21	1	32879	0	
0.001	180	0.5	175 days, 1:43:03	0	32879	0	
0.001	180	0.5	15 days, 18:52:54	0	32879	0	
0.001	180	0.5	3:34:03	16	18630	1	
0.001	180	0.5	6:15:14	10	2823	1	
0.001	180	0.5	498 days, 19:26:31	0	32879	0	
0.001	180	0.5	498 days, 19:26:31	0	32879	0	
0.001	180	0.5	5 days, 21:49:04	20	10937	1	
0.001	180	0.5	498 days, 19:26:31	0	32879	0	
0.001	180	0.5	26 days, 19:58:55	9	32879	0	
0.001	180	0.5	498 days, 19:26:31	0	32879	0	
0.001	180	0.5	200 days, 14:36:05	1	32879	0	
0.001	180	0.5	12 days, 17:45:51	12	25773	1	
0.001	180	0.5	9:30:20	14	5996	1	
0.001	180	0.5	498 days, 19:26:31	0	32879	0	
0.001	180	0.5	1 day, 1:30:11	12	4128	1	
0.001	180	0.5	210 days, 10:25:12	19	18264	1	
0.001	180	0.5	2:22:28	13	31951	1	
0.001	180	0.5	498 days, 19:26:31	0	32879	0	
0.001	180	0.5	23:03:31	13	1854	1	
0.001	180	0.5	12 days, 22:44:02	0	32879	0	
0.001	180	0.5	498 days, 19:26:31	0	32879	0	
0.001	180	0.5	127 days, 1:54:45	13	28655	1	
0.001	180	0.5	9 days, 2:36:41	0	32879	0	
0.001	180	0.5	1 day, 6:40:50	7	22924	1	
0.001	180	0.5	1 day, 15:32:43	17	8924	1	
0.001	180	0.5	22:53:18	17	5551	1	
0.001	200	0.5	20:24:54	15	32311	1	
0.001	200	0.5	14 days, 16:59:20	0	32879	0	
0.001	200	0.5	1 day, 23:16:23	0	32879	0	
0.001	200	0.5	3:50:00	18	32035	1	
0.001	200	0.5	20:24:23	25	32311	1	
0.001	200	0.5	8 days, 20:43:45	19	14359	1	
0.001	200	0.5	7:40:18	11	22643	1	
0.001	200	0.5	7 days, 12:01:07	8	9200	1	
0.001	200	0.5	26 days, 22:08:39	0	32879	0	
0.001	200	0.5	9 days, 19:09:49	12	21868	1	
0.001	200	0.5	28 days, 15:39:28	0	32879	0	
0.001	200	0.5	1 day, 13:43:11	20	26585	1	
0.001	200	0.5	25 days, 16:23:08	3	32879	0	
0.001	200	0.5	14:50:35	15	3913	1	
0.001	200	0.5	16 days, 12:17:33	3	32879	0	
0.001	200	0.5	498 days, 19:26:31	0	32879	0	
0.001	200	0.5	171 days, 15:52:07	13	2068	1	
0.001	200	0.5	3 days, 2:39:22	12	6898	1	
0.001	200	0.5	4 days, 0:20:34	23	9822	1	
0.001	200	0.5	498 days, 19:26:31	0	32879	0	
0.001	200	0.5	498 days, 19:26:31	0	32879	0	
0.001	200	0.5	179 days, 21:06:23	15	3145	1	
0.001	200	0.5	5 days, 9:52:07	0	32879	0	
0.001	200	0.5	498 days, 19:26:31	0	32879	0	
0.001	200	0.5	18 days, 19:30:05	1	32879	0	
0.001	200	0.5	498 days, 19:26:31	0	32879	0	
0.001	200	0.5	12 days, 23:18:55	0	32879	0	
0.001	200	0.5	5:19:39	12	7956	1	
0.001	200	0.5	498 days, 19:26:31	0	32879	0	
0.001	200	0.5	16 days, 2:45:55	0	32879	0	
0.001	200	0.5	498 days, 19:26:31	0	32879	0	
0.001	200	0.5	10 days, 13:26:25	0	32879	0	
0.001	200	0.5	193 days, 21:47:10	9	16669	1	
0.001	200	0.5	16 days, 10:30:49	19	21739	1	
0.001	200	0.5	498 days, 19:26:31	0	32879	0	
0.001	200	0.5	2 days, 16:22:27	15	8905	1	
0.001	200	0.5	14 days, 21:38:29	0	32879	0	
0.001	200	0.5	248 days, 5:19:27	0	32879	0	
0.001	200	0.5	3:50:50	13	14341	1	
0.001	200	0.5	14:17:07	9	4886	1	
0.001	200	0.5	498 days, 19:26:31	0	32879	0	
0.001	200	0.5	27 days, 21:24:44	0	32879	0	
0.001	200	0.5	29 days, 20:43:36	1	32879	0	
0.001	200	0.5	498 days, 19:26:31	0	32879	0	
0.001	200	0.5	498 days, 19:26:31	0	32879	0	
0.001	200	0.5	3 days, 17:31:45	15	7538	1	
0.001	200	0.5	17 days, 1:31:29	11	20909	1	
0.001	200	0.5	498 days, 19:26:31	0	32879	0	
0.001	200	0.5	3 days, 1:19:02	14	6298	1	
0.001	200	0.5	1 day, 21:42:36	8	2077	1	
0.001	200	0.5	498 days, 19:26:31	0	32879	0	
0.001	200	0.5	1 day, 0:28:20	9	3185	1	
0.001	200	0.5	15 days, 22:52:02	0	32879	0	
0.001	200	0.5	19 days, 17:57:41	10	23378	1	
0.001	200	0.5	6 days, 17:38:55	0	32879	0	
0.001	200	0.5	14 days, 21:30:27	0	32879	0	
0.001	200	0.5	498 days, 19:26:31	0	32879	0	
0.001	200	0.5	3:44:53	15	29295	1	
0.001	200	0.5	498 days, 19:26:31	0	32879	0	
0.001	200	0.5	12 days, 19:48:48	0	32879	0	
0.001	200	0.5	2 days, 14:08:46	14	22261	1	
0.001	200	0.5	16 days, 1:24:18	0	32879	0	
0.001	200	0.5	14 days, 2:28:09	1	32879	0	
0.001	200	0.5	28 days, 21:56:13	0	32879	0	
0.001	200	0.5	498 days, 19:26:31	0	32879	0	
0.001	200	0.5	498 days, 19:26:31	0	32879	0	
0.001	200	0.5	170 days, 1:26:11	1	32879	0	
0.001	200	0.5	12 days, 19:48:48	0	32879	0	
0.001	200	0.5	498 days, 19:26:31	0	32879	0	
0.001	200	0.5	15 days, 19:30:00	0	32879	0	
0.001	200	0.5	3 days, 8:14:52	14	5780	1	
0.001	200	0.5	498 days, 19:26:31	0	32879	0	
0.001	200	0.5	16:22:16	14	17147	1	
0.001	200	0.5	5 days, 1:01:06	10	6160	1	
0.001	200	0.5	26 days, 21:40:33	0	32879	0	
0.001	200	0.5	18:21:26	21	32246	1	
0.001	200	0.5	1 day, 23:07:14	15	7020	1	
0.001	200	0.5	23 days, 16:09:01	0	32879	0	
0.001	200	0.5	23 days, 0:12:41	16	5454	1	
0.001	200	0.5	15 days, 15:26:45	0	32879	0	
0.001	200	0.5	498 days, 19:26:31	0	32879	0	
0.001	200	0.5	498 days, 19:26:31	0	32879	0	
0.001	200	0.5	2 days, 3:27:57	11	7044	1	
0.001	200	0.5	20 days, 3:06:33	0	32879	0	
0.001	200	0.5	498 days, 19:26:31	0	32879	0	
0.001	200	0.5	23:23:09	11	2068	1	
0.001	200	0.5	16 days, 1:24:18	2	32879	0	
0.001	200	0.5	7 days, 4:20:27	16	11295	1	
0.001	200	0.5	2:44:46	10	2560	1	
0.001	200	0.5	19:57:46	15	7846	1	
0.001	200	0.5	6 days, 0:09:48	31	27248	1	
0.001	200	0.5	498 days, 19:26:31	0	32879	0	
0.001	200	0.5	498 days, 19:26:31	0	32879	0	
0.001	200	0.5	10 days, 13:26:25	0	32879	0	
0.001	200	0.5	1 day, 20:47:46	0	32879	0	
0.001	200	0.5	1 day, 13:54:25	13	6498	1	
0.001	200	0.5	2 days, 20:20:35	1	32879	0	
0.001	200	0.5	3 days, 12:46:40	15	7075	1	
0.001	200	0.5	20:52:04	6	2069	1	
0.001	200	0.5	498 days, 19:26:31	0	32879	0	
0.001	200	0.5	1 day, 4:33:58	14	32706	1	
0.001	200	0.5	498 days, 19:26:31	0	32879	0	
0.001	200	0.5	6 days, 0:38:40	1	32879	0	
0.001	200	0.5	20 days, 16:45:42	1	32879	0	
0.001	200	0.5	498 days, 19:26:31	0	32879	0	
0.001	200	0.5	13 days, 3:28:20	0	32879	0	
0.001	200	0.5	1 day, 21:02:51	12	16680	1	
0.001	200	0.5	12 days, 12:52:39	0	32879	0	
0.001	200	0.5	6 days, 20:25:57	1	32879	0	
0.001	200	0.5	413 days, 20:16:48	53	1328	1	
0.001	200	0.5	1 day, 23:48:32	0	32879	0	
0.001	200	0.5	32 days, 3:16:21	1	32879	0	
0.001	200	0.5	2 days, 21:08:17	10	21122	1	
0.001	200	0.5	498 days, 19:26:31	0	32879	0	
0.001	200	0.5	9 days, 20:40:53	11	22063	1	
0.001	200	0.5	4 days, 22:14:31	19	31951	1	
0.001	200	0.5	12 days, 2:39:31	0	32879	0	
0.001	200	0.5	498 days, 19:26:31	0	32879	0	
0.001	200	0.5	9 days, 18:06:23	14	13665	1	
0.001	200	0.5	498 days, 19:26:31	0	32879	0	
0.001	200	0.5	20:14:24	1	32879	0	
0.001	200	0.5	216 days, 17:55:28	1	32879	0	
0.001	200	0.5	14 days, 22:01:11	0	32879	0	
0.001	200	0.5	9 days, 4:27:48	16	12791	1	
0.001	200	0.5	498 days, 19:26:31	0	32879	0	
0.001	200	0.5	26 days, 23:02:10	0	32879	0	
0.001	200	0.5	26 days, 4:41:18	0	32879	0	
0.001	200	0.5	19 days, 2:16:04	0	32879	0	
0.001	200	0.5	9 days, 3:48:28	13	20463	1	
0.001	200	0.5	5 days, 21:38:42	10	9321	1	
0.001	200	0.5	498 days, 19:26:31	0	32879	0	
0.001	200	0.5	498 days, 19:26:31	0	32879	0	
0.001	200	0.5	22:44:03	12	27053	1	
0.001	200	0.5	28 days, 23:28:28	0	32879	0	
0.001	200	0.5	498 days, 19:26:31	0	32879	0	
0.001	200	0.5	7 days, 19:11:39	9	18118	1	
0.001	200	0.5	1:17:27	11	2232	1	
0.001	200	0.5	5 days, 17:40:37	0	32879	0	
0.001	200	0.5	258 days, 2:03:58	16	3292	1	
0.001	200	0.5	21 days, 9:43:08	1	32879	0	
0.001	200	0.5	19 days, 0:21:34	0	32879	0	
0.001	200	0.5	83 days, 10:59:03	0	32879	0	
0.001	200	0.5	9:12:03	11	4825	1	
0.001	200	0.5	192 days, 23:12:07	31	2084	1	
0.001	200	0.5	1 day, 23:48:33	0	32879	0	
0.001	200	0.5	20 days, 22:00:20	0	32879	0	
0.001	200	0.5	498 days, 19:26:31	0	32879	0	
0.001	200	0.5	19 days, 20:14:51	1	32879	0	
0.001	200	0.5	498 days, 19:26:31	0	32879	0	
0.001	200	0.5	22:54:06	9	1866	1	
0.001	200	0.5	19 days, 22:09:20	0	32879	0	
0.001	200	0.5	245 days, 2:06:05	0	32879	0	
0.001	200	0.5	498 days, 19:26:31	0	32879	0	
0.001	200	0.5	10 days, 4:53:24	15	32044	1	
0.001	200	0.5	1 day, 7:52:43	14	29859	1	
0.001	200	0.5	20 days, 11:18:32	0	32879	0	
0.001	200	0.5	211 days, 19:14:21	0	32879	0	
0.001	200	0.5	218 days, 6:10:29	0	32879	0	
0.001	200	0.5	3 days, 9:44:11	17	7246	1	
0.001	200	0.5	4 days, 3:59:53	17	32011	1	
0.001	200	0.5	30 days, 14:06:12	1	32879	0	
0.001	200	0.5	27 days, 3:53:54	0	32879	0	
0.001	200	0.5	4 days, 22:26:54	17	9717	1	
0.001	200	0.5	15:44:11	9	3711	1	
0.001	200	0.5	498 days, 19:26:31	0	32879	0	
0.001	200	0.5	21 days, 19:48:51	1	32879	0	
0.001	200	0.5	25 days, 16:03:47	0	32879	0	
0.001	200	0.5	1 day, 5:07:56	12	4124	1	
0.001	200	0.5	27 days, 18:55:29	12	31948	1	
0.001	200	0.5	498 days, 19:26:31	0	32879	0	
0.001	200	0.5	12 days, 23:51:46	0	32879	0	
0.001	200	0.5	4 days, 22:21:09	0	32879	0	
0.001	200	0.5	8 days, 20:19:20	13	12729	1	
0.001	200	0.5	28 days, 18:01:00	0	32879	0	
0.001	200	0.5	498 days, 19:26:31	0	32879	0	
0.001	200	0.5	498 days, 19:26:31	0	32879	0	
0.001	200	0.5	498 days, 19:26:31	0	32879	0	
0.001	200	0.5	1 day, 23:47:29	0	32879	0	
0.001	200	0.5	29 days, 21:02:37	0	32879	0	
0.001	200	0.5	19 days, 17:04:43	19	24940	1	
0.001	200	0.5	498 days, 19:26:31	0	32879	0	
0.001	200	0.5	11 days, 3:30:38	9	15899	1	
0.001	200	0.5	498 days, 19:26:31	0	32879	0	
0.001	200	0.5	498 days, 19:26:31	0	32879	0	
0.001	200	0.5	22:02:14	20	18141	1	
0.001	200	0.5	12 days, 19:25:34	0	32879	0	
0.001	200	0.5	30 days, 6:19:15	0	32879	0	
0.001	200	0.5	16:50:03	16	19432	1	
0.001	200	0.5	17 days, 2:28:28	7	27353	1	
0.001	200	0.5	2 days, 10:45:55	16	8866	1	
0.001	200	0.5	5 days, 23:03:10	2	32879	0	
0.001	200	0.5	1 day, 19:00:49	7	16717	1	
0.001	200	0.5	12 days, 17:57:39	20	32549	1	
0.001	200	0.5	413 days, 20:16:48	60	1328	1	
0.001	200	0.5	498 days, 19:26:31	0	32879	0	
0.001	200	0.5	4 days, 18:35:35	4	32879	0	
0.001	200	0.5	18 days, 0:02:54	12	22140	1	
0.001	200	0.5	22 days, 21:18:04	0	32879	0	
0.001	200	0.5	498 days, 19:26:31	0	32879	0	
0.001	200	0.5	1 day, 17:49:06	21	7541	1	
0.001	220	0.5	17 days, 17:52:04	0	32879	0	
0.001	220	0.5	5:11:28	16	21330	1	
0.001	220	0.5	2 days, 20:31:05	1	32879	0	
0.001	220	0.5	54 days, 3:40:05	6	2326	1	
0.001	220	0.5	6:15:13	16	24282	1	
0.001	220	0.5	11 days, 22:43:12	0	32879	0	
0.001	220	0.5	15 days, 1:07:53	12	23100	1	
0.001	220	0.5	1 day, 2:24:59	13	2360	1	
0.001	220	0.5	11 days, 22:43:12	0	32879	0	
0.001	220	0.5	498 days, 19:26:31	0	32879	0	
0.001	220	0.5	12 days, 19:48:48	0	32879	0	
0.001	220	0.5	18:51:31	1	32879	0	
0.001	220	0.5	1 day, 23:45:47	0	32879	0	
0.001	220	0.5	498 days, 19:26:31	0	32879	0	
0.001	220	0.5	498 days, 19:26:31	0	32879	0	
0.001	220	0.5	6 days, 0:38:40	0	32879	0	
0.001	220	0.5	498 days, 19:26:31	0	32879	0	
0.001	220	0.5	6 days, 17:38:55	0	32879	0	
0.001	220	0.5	1 day, 3:35:50	15	7754	1	
0.001	220	0.5	27 days, 13:09:20	0	32879	0	
0.001	220	0.5	498 days, 19:26:31	0	32879	0	
0.001	220	0.5	498 days, 19:26:31	0	32879	0	
0.001	220	0.5	202 days, 17:48:07	18	20684	1	
0.001	220	0.5	498 days, 19:26:31	0	32879	0	
0.001	220	0.5	29 days, 19:24:35	0	32879	0	
0.001	220	0.5	498 days, 19:26:31	0	32879	0	
0.001	220	0.5	254 days, 22:22:03	1	32879	0	
0.001	220	0.5	113 days, 10:41:35	19	14927	1	
0.001	220	0.5	3 days, 16:31:28	18	12177	1	
0.001	220	0.5	21:31:03	11	2052	1	
0.001	220	0.5	498 days, 19:26:31	0	32879	0	
0.001	220	0.5	4 days, 2:03:42	15	22148	1	
0.001	220	0.5	2 days, 12:52:51	0	32879	0	
0.001	220	0.5	14 days, 16:38:40	0	32879	0	
0.001	220	0.5	468 days, 8:05:42	8	30121	1	
0.001	220	0.5	22 days, 22:02:39	0	32879	0	
0.001	220	0.5	16 days, 22:29:58	8	25657	1	
0.001	220	0.5	2 days, 21:12:41	7	3789	1	
0.001	220	0.5	1 day, 22:03:12	22	13099	1	
0.001	220	0.5	230 days, 16:26:30	0	32879	0	
0.001	220	0.5	1 day, 20:47:12	1	32879	0	
0.001	220	0.5	4 days, 19:15:46	0	32879	0	
0.001	220	0.5	195 days, 14:29:30	16	2676	1	
0.001	220	0.5	25 days, 16:23:08	0	32879	0	
0.001	220	0.5	20 days, 18:57:04	0	32879	0	
0.001	220	0.5	4 days, 0:53:53	16	17670	1	
0.001	220	0.5	498 days, 19:26:31	0	32879	0	
0.001	220	0.5	18 days, 17:35:44	0	32879	0	
0.001	220	0.5	12 days, 19:48:48	0	32879	0	
0.001	220	0.5	2 days, 10:08:24	14	5820	1	
0.001	220	0.5	8:25:41	14	4705	1	
0.001	220	0.5	2 days, 21:49:53	13	3875	1	
0.001	220	0.5	2 days, 22:02:14	7	6974	1	
0.001	220	0.5	498 days, 19:26:31	0	32879	0	
0.001	220	0.5	14 days, 13:25:02	0	32879	0	
0.001	220	0.5	498 days, 19:26:31	0	32879	0	
0.001	220	0.5	1 day, 19:25:57	15	16611	1	
0.001	220	0.5	8 days, 22:25:18	9	16554	1	
0.001	220	0.5	1 day, 15:30:59	17	2665	1	
0.001	220	0.5	19 days, 1:19:47	1	32879	0	
0.001	220	0.5	13:06:52	7	6403	1	
0.001	220	0.5	10 days, 9:14:42	14	11283	1	
0.001	220	0.5	217 days, 15:34:30	0	32879	0	
0.001	220	0.5	498 days, 19:26:31	0	32879	0	
0.001	220	0.5	5 days, 22:05:05	39	27273	1	
0.001	220	0.5	1 day, 6:55:38	21	32761	1	
0.001	220	0.5	21 days, 22:50:53	19	29593	1	
0.001	220	0.5	498 days, 19:26:31	0	32879	0	
0.001	220	0.5	17:58:55	20	15459	1	
0.001	220	0.5	14 days, 21:21:20	0	32879	0	
0.001	220	0.5	13 days, 20:34:54	20	23868	1	
0.001	220	0.5	498 days, 19:26:31	0	32879	0	
0.001	220	0.5	10:19:38	8	10739	1	
0.001	220	0.5	5 days, 21:54:57	5	32879	0	
0.001	220	0.5	53 days, 19:53:50	9	2059	1	
0.001	220	0.5	28 days, 18:01:00	0	32879	0	
0.001	220	0.5	27 days, 22:42:51	20	32389	1	
0.001	220	0.5	6 days, 14:17:26	0	32879	0	
0.001	220	0.5	498 days, 19:26:31	0	32879	0	
0.001	220	0.5	11 days, 21:28:48	0	32879	0	
0.001	220	0.5	1 day, 4:57:31	21	4123	1	
0.001	220	0.5	217 days, 7:14:05	9	3215	1	
0.001	220	0.5	3 days, 1:53:05	0	32879	0	
0.001	220	0.5	1 day, 23:47:12	0	32879	0	
0.001	220	0.5	498 days, 19:26:31	0	32879	0	
0.001	220	0.5	17:40:53	12	3927	1	
0.001	220	0.5	6 days, 23:29:41	10	11155	1	
0.001	220	0.5	2 days, 21:03:10	20	7236	1	
0.001	220	0.5	16 days, 22:09:36	15	20684	1	
0.001	220	0.5	498 days, 19:26:31	0	32879	0	
0.001	220	0.5	16:55:13	15	15314	1	
0.001	220	0.5	29 days, 12:54:56	0	32879	0	
0.001	220	0.5	498 days, 19:26:31	0	32879	0	
0.001	220	0.5	238 days, 0:55:59	0	32879	0	
0.001	220	0.5	1 day, 0:25:02	17	12920	1	
0.001	220	0.5	21:44:53	16	5421	1	
0.001	220	0.5	498 days, 19:26:31	0	32879	0	
0.001	220	0.5	1:50:32	8	24168	1	
0.001	220	0.5	18 days, 17:35:47	0	32879	0	
0.001	220	0.5	108 days, 3:35:56	9	2687	1	
0.001	220	0.5	4 days, 0:55:47	13	11414	1	
0.001	220	0.5	14 days, 18:54:39	19	32387	1	
0.001	220	0.5	498 days, 19:26:31	0	32879	0	
0.001	220	0.5	18:42:13	19	18529	1	
0.001	220	0.5	12 days, 22:58:27	0	32879	0	
0.001	220	0.5	200 days, 19:24:18	2	32879	0	
0.001	220	0.5	2:14:46	14	9789	1	
0.001	220	0.5	8 days, 22:17:04	0	32879	0	
0.001	220	0.5	1 day, 2:37:15	18	19964	1	
0.001	220	0.5	498 days, 19:26:31	0	32879	0	
0.001	220	0.5	8 days, 15:28:57	0	32879	0	
0.001	220	0.5	1 day, 23:48:43	0	32879	0	
0.001	220	0.5	498 days, 19:26:31	0	32879	0	
0.001	220	0.5	7 days, 15:23:50	9	9943	1	
0.001	220	0.5	231 days, 6:43:22	0	32879	0	
0.001	220	0.5	4 days, 17:53:53	0	32879	0	
0.001	220	0.5	26 days, 13:45:00	0	32879	0	
0.001	220	0.5	498 days, 19:26:31	0	32879	0	
0.001	220	0.5	14 days, 21:30:27	0	32879	0	
0.001	220	0.5	27 days, 21:24:44	0	32879	0	
0.001	220	0.5	225 days, 1:57:20	0	32879	0	
0.001	220	0.5	4 days, 10:38:23	3	8314	1	
0.001	220	0.5	4 days, 3:34:58	22	7675	1	
0.001	220	0.5	322 days, 21:19:57	0	32879	0	
0.001	220	0.5	498 days, 19:26:31	0	32879	0	
0.001	220	0.5	4 days, 16:31:39	9	27258	1	
0.001	220	0.5	26 days, 19:52:06	0	32879	0	
0.001	220	0.5	498 days, 19:26:31	0	32879	0	
0.001	220	0.5	8 days, 23:55:55	0	32879	0	
0.001	220	0.5	22 days, 18:03:44	0	32879	0	
0.001	220	0.5	17 days, 12:58:17	17	23763	1	
0.001	220	0.5	498 days, 19:26:31	0	32879	0	
0.001	220	0.5	2:30:40	12	2846	1	
0.001	220	0.5	6 days, 18:47:39	17	13990	1	
0.001	220	0.5	18 days, 18:59:24	0	32879	0	
0.001	220	0.5	1 day, 19:00:49	11	16716	1	
0.001	220	0.5	1 day, 17:23:14	11	16906	1	
0.001	220	0.5	14 days, 0:15:36	0	32879	0	
0.001	220	0.5	3 days, 8:50:44	9	7200	1	
0.001	220	0.5	498 days, 19:26:31	0	32879	0	
0.001	220	0.5	498 days, 19:26:31	0	32879	0	
0.001	220	0.5	7 days, 0:26:28	0	32879	0	
0.001	220	0.5	2 days, 5:51:03	10	6370	1	
0.001	220	0.5	28 days, 19:18:41	1	32879	0	
0.001	220	0.5	27 days, 1:49:04	4	32879	0	
0.001	220	0.5	16 days, 0:22:31	22	20058	1	
0.001	220	0.5	498 days, 19:26:31	0	32879	0	
0.001	220	0.5	13 days, 5:30:22	13	17212	1	
0.001	220	0.5	3 days, 4:52:24	20	21593	1	
0.001	220	0.5	498 days, 19:26:31	0	32879	0	
0.001	220	0.5	267 days, 19:38:12	0	32879	0	
0.001	220	0.5	19 days, 21:25:24	0	32879	0	
0.001	220	0.5	498 days, 19:26:31	0	32879	0	
0.001	220	0.5	498 days, 19:26:31	0	32879	0	
0.001	220	0.5	411 days, 11:09:41	11	2077	1	
0.001	220	0.5	2 days, 14:57:52	1	32879	0	
0.001	220	0.5	498 days, 19:26:31	0	32879	0	
0.001	220	0.5	498 days, 19:26:31	0	32879	0	
0.001	220	0.5	2:57:30	9	7878	1	
0.001	220	0.5	27 days, 21:24:44	0	32879	0	
0.001	220	0.5	17:27:15	11	6423	1	
0.001	220	0.5	28 days, 21:56:55	0	32879	0	
0.001	220	0.5	8 days, 23:13:28	7	15202	1	
0.001	220	0.5	2 days, 14:57:52	0	32879	0	
0.001	220	0.5	498 days, 19:26:31	0	32879	0	
0.001	220	0.5	498 days, 19:26:31	0	32879	0	
0.001	220	0.5	17 days, 18:57:03	15	24321	1	
0.001	220	0.5	22:27:33	16	32391	1	
0.001	220	0.5	1 day, 20:48:29	1	32879	0	
0.001	220	0.5	15 days, 2:54:34	12	19462	1	
0.001	220	0.5	22:27:10	20	32390	1	
0.001	220	0.5	6 days, 21:55:24	20	17533	1	
0.001	220	0.5	9 days, 0:47:25	10	22970	1	
0.001	220	0.5	322 days, 21:19:57	0	32879	0	
0.001	220	0.5	1 day, 13:46:34	0	32879	0	
0.001	220	0.5	6:12:30	13	4612	1	
0.001	220	0.5	15 days, 0:03:21	15	32390	1	
0.001	220	0.5	6 days, 22:01:23	0	32879	0	
0.001	220	0.5	13 days, 7:08:17	13	17674	1	
0.001	220	0.5	4 days, 3:00:05	19	22195	1	
0.001	220	0.5	1 day, 23:48:21	0	32879	0	
0.001	220	0.5	1 day, 4:57:31	13	4139	1	
0.001	220	0.5	77 days, 19:44:55	17	4114	1	
0.001	220	0.5	7 days, 13:55:04	0	32879	0	
0.001	220	0.5	3 days, 0:30:05	0	32879	0	
0.001	220	0.5	20 days, 22:43:49	6	2621	1	
0.001	220	0.5	174 days, 16:06:16	0	32879	0	
0.001	220	0.5	1 day, 0:33:17	17	18545	1	
0.001	220	0.5	498 days, 19:26:31	0	32879	0	
0.001	220	0.5	18:26:58	7	18396	1	
0.001	220	0.5	498 days, 19:26:31	0	32879	0	
0.001	220	0.5	5 days, 2:45:29	10	9481	1	
0.001	220	0.5	7 days, 15:29:09	1	32879	0	
0.001	220	0.5	7 days, 11:50:37	0	32879	0	
0.001	220	0.5	1 day, 23:48:10	0	32879	0	
0.001	220	0.5	26 days, 1:25:13	0	32879	0	
0.001	220	0.5	3:47:40	6	2733	1	
0.001	220	0.5	498 days, 19:26:31	0	32879	0	
0.001	220	0.5	20 days, 15:17:23	1	32879	0	
0.001	220	0.5	2 days, 23:27:16	17	12961	1	
0.001	240	0.5	2 days, 3:41:23	10	7076	1	
0.001	240	0.5	10 days, 21:49:30	11	25104	1	
0.001	240	0.5	24 days, 0:23:02	0	32879	0	
0.001	240	0.5	498 days, 19:26:31	0	32879	0	
0.001	240	0.5	1 day, 0:20:29	25	27248	1	
0.001	240	0.5	18 days, 18:59:24	0	32879	0	
0.001	240	0.5	29 days, 18:38:01	0	32879	0	
0.001	240	0.5	7:17:15	14	30771	1	
0.001	240	0.5	413 days, 0:45:19	13	4717	1	
0.001	240	0.5	3 days, 8:39:54	8	4691	1	
0.001	240	0.5	2 days, 0:24:09	7	4365	1	
0.001	240	0.5	498 days, 19:26:31	0	32879	0	
0.001	240	0.5	498 days, 19:26:31	0	32879	0	
0.001	240	0.5	6 days, 10:33:02	13	8771	1	
0.001	240	0.5	1 day, 12:27:03	11	4691	1	
0.001	240	0.5	2 days, 0:33:19	10	5135	1	
0.001	240	0.5	8:13:27	0	32879	0	
0.001	240	0.5	16:03:24	9	4189	1	
0.001	240	0.5	5 days, 4:48:28	10	15932	1	
0.001	240	0.5	498 days, 19:26:31	0	32879	0	
0.001	240	0.5	498 days, 19:26:31	0	32879	0	
0.001	240	0.5	1 day, 23:48:07	0	32879	0	
0.001	240	0.5	21 days, 19:48:51	2	32879	0	
0.001	240	0.5	17:06:35	7	26864	1	
0.001	240	0.5	498 days, 19:26:31	0	32879	0	
0.001	240	0.5	6 days, 13:28:22	0	32879	0	
0.001	240	0.5	8 days, 15:28:57	0	32879	0	
0.001	240	0.5	498 days, 19:26:31	0	32879	0	
0.001	240	0.5	1 day, 23:58:23	16	22355	1	
0.001	240	0.5	8 days, 1:07:07	16	10722	1	
0.001	240	0.5	2 days, 0:39:11	1	32879	0	
0.001	240	0.5	200 days, 14:36:05	1	32879	0	
0.001	240	0.5	1 day, 23:45:29	0	32879	0	
0.001	240	0.5	498 days, 19:26:31	0	32879	0	
0.001	240	0.5	22 days, 16:34:55	0	32879	0	
0.001	240	0.5	498 days, 19:26:31	0	32879	0	
0.001	240	0.5	498 days, 19:26:31	0	32879	0	
0.001	240	0.5	18:26:43	10	13722	1	
0.001	240	0.5	2:17:52	8	2815	1	
0.001	240	0.5	7 days, 20:16:32	0	32879	0	
0.001	240	0.5	29 days, 18:33:00	1	32879	0	
0.001	240	0.5	20 days, 11:18:32	0	32879	0	
0.001	240	0.5	2 days, 14:38:13	19	7538	1	
0.001	240	0.5	15:36:21	10	10675	1	
0.001	240	0.5	1 day, 13:46:34	0	32879	0	
0.001	240	0.5	1 day, 14:15:17	12	12456	1	
0.001	240	0.5	27 days, 23:43:23	0	32879	0	
0.001	240	0.5	7 days, 23:06:46	0	32879	0	
0.001	240	0.5	270 days, 9:15:09	13	18029	1	
0.001	240	0.5	180 days, 14:55:51	14	13685	1	
0.001	240	0.5	18:40:08	15	3852	1	
0.001	240	0.5	129 days, 4:11:04	0	32879	0	
0.001	240	0.5	3 days, 0:30:05	0	32879	0	
0.001	240	0.5	238 days, 0:55:59	0	32879	0	
0.001	240	0.5	23:36:04	10	28567	1	
0.001	240	0.5	31 days, 22:37:55	1	32879	0	
0.001	240	0.5	498 days, 19:26:31	0	32879	0	
0.001	240	0.5	8 days, 23:11:18	0	32879	0	
0.001	240	0.5	13 days, 9:50:41	16	16669	1	
0.001	240	0.5	8 days, 12:19:19	1	32879	0	
0.001	240	0.5	6 days, 0:38:40	0	32879	0	
0.001	240	0.5	498 days, 19:26:31	0	32879	0	
0.001	240	0.5	10 days, 14:17:05	11	21723	1	
0.001	240	0.5	1 day, 23:48:14	0	32879	0	
0.001	240	0.5	28 days, 21:43:02	0	32879	0	
0.001	240	0.5	20 days, 18:57:04	0	32879	0	
0.001	240	0.5	322 days, 21:19:57	0	32879	0	
0.001	240	0.5	498 days, 19:26:31	0	32879	0	
0.001	240	0.5	23 days, 22:03:37	18	27100	1	
0.001	240	0.5	20 days, 20:33:41	0	32879	0	
0.001	240	0.5	27 days, 3:57:33	0	32879	0	
0.001	240	0.5	9 days, 5:59:44	15	12366	1	
0.001	240	0.5	1 day, 0:14:20	15	3711	1	
0.001	240	0.5	498 days, 19:26:31	0	32879	0	
0.001	240	0.5	322 days, 21:19:57	0	32879	0	
0.001	240	0.5	16 days, 22:14:07	13	20760	1	
0.001	240	0.5	19 days, 0:21:34	0	32879	0	
0.001	240	0.5	14 days, 22:22:43	8	20204	1	
0.001	240	0.5	7 days, 6:58:47	17	9958	1	
0.001	240	0.5	1 day, 23:48:24	0	32879	0	
0.001	240	0.5	24 days, 20:22:16	0	32879	0	
0.001	240	0.5	498 days, 19:26:31	0	32879	0	
0.001	240	0.5	1 day, 4:08:23	0	32879	0	
0.001	240	0.5	498 days, 19:26:31	0	32879	0	
0.001	240	0.5	498 days, 19:26:31	0	32879	0	
0.001	240	0.5	26 days, 1:16:16	0	32879	0	
0.001	240	0.5	179 days, 15:17:01	0	32879	0	
0.001	240	0.5	24 days, 1:36:08	15	29785	1	
0.001	240	0.5	8 days, 22:53:38	9	12047	1	
0.001	240	0.5	498 days, 19:26:31	0	32879	0	
0.001	240	0.5	4:54:29	14	16190	1	
0.001	240	0.5	13:37:27	12	3749	1	
0.001	240	0.5	1 day, 2:43:18	10	4365	1	
0.001	240	0.5	498 days, 19:26:31	0	32879	0	
0.001	240	0.5	4 days, 22:29:03	0	32879	0	
0.001	240	0.5	5 days, 10:44:06	12	19470	1	
0.001	240	0.5	498 days, 19:26:31	0	32879	0	
0.001	240	0.5	7 days, 15:05:11	10	30811	1	
0.001	240	0.5	8 days, 19:40:47	0	32879	0	
0.001	240	0.5	12 days, 18:17:00	0	32879	0	
0.001	240	0.5	5 days, 22:58:05	10	9752	1	
0.001	240	0.5	6 days, 19:24:43	11	32420	1	
0.001	240	0.5	4 days, 7:32:03	12	6074	1	
0.001	240	0.5	1 day, 3:08:30	9	1843	1	
0.001	240	0.5	498 days, 19:26:31	0	32879	0	
0.001	240	0.5	24 days, 0:37:45	0	32879	0	
0.001	240	0.5	2 days, 21:23:45	10	32879	0	
0.001	240	0.5	8 days, 23:01:36	0	32879	0	
0.001	240	0.5	498 days, 19:26:31	0	32879	0	
0.001	240	0.5	498 days, 19:26:31	0	32879	0	
0.001	240	0.5	18 days, 20:58:32	6	23413	1	
0.001	240	0.5	2 days, 15:06:37	14	20590	1	
0.001	240	0.5	20 days, 13:09:29	1	32879	0	
0.001	240	0.5	124 days, 11:46:27	17	9058	1	
0.001	240	0.5	498 days, 19:26:31	0	32879	0	
0.001	240	0.5	211 days, 19:14:21	0	32879	0	
0.001	240	0.5	6 days, 22:16:21	12	8887	1	
0.001	240	0.5	190 days, 16:45:27	10	6721	1	
0.001	240	0.5	29 days, 15:47:16	1	32879	0	
0.001	240	0.5	498 days, 19:26:31	0	32879	0	
0.001	240	0.5	498 days, 19:26:31	0	32879	0	
0.001	240	0.5	267 days, 19:38:12	0	32879	0	
0.001	240	0.5	21 days, 13:07:19	0	32879	0	
0.001	240	0.5	5 days, 9:52:07	0	32879	0	
0.001	240	0.5	8 days, 15:51:04	0	32879	0	
0.001	240	0.5	498 days, 19:26:31	0	32879	0	
0.001	240	0.5	185 days, 15:43:04	15	10582	1	
0.001	240	0.5	1 day, 23:48:32	0	32879	0	
0.001	240	0.5	498 days, 19:26:31	0	32879	0	
0.001	240	0.5	498 days, 19:26:31	0	32879	0	
0.001	240	0.5	498 days, 19:26:31	0	32879	0	
0.001	240	0.5	27 days, 21:25:06	14	32016	1	
0.001	240	0.5	191 days, 19:11:42	14	23816	1	
0.001	240	0.5	1 day, 22:27:34	20	6501	1	
0.001	240	0.5	19 days, 1:19:47	1	32879	0	
0.001	240	0.5	5 days, 19:40:00	23	26892	1	
0.001	240	0.5	1 day, 1:02:18	7	5816	1	
0.001	240	0.5	1 day, 23:47:30	0	32879	0	
0.001	240	0.5	4 days, 5:31:35	14	7446	1	
0.001	240	0.5	498 days, 19:26:31	0	32879	0	
0.001	240	0.5	9 days, 4:06:22	11	15966	1	
0.001	240	0.5	498 days, 19:26:31	0	32879	0	
0.001	240	0.5	193 days, 4:20:00	0	32879	0	
0.001	240	0.5	1 day, 16:57:43	18	5080	1	
0.001	240	0.5	498 days, 19:26:31	0	32879	0	
0.001	240	0.5	4 days, 13:09:56	1	32879	0	
0.001	240	0.5	1 day, 10:57:11	11	3225	1	
0.001	240	0.5	4 days, 21:25:57	0	32879	0	
0.001	240	0.5	498 days, 19:26:31	0	32879	0	
0.001	240	0.5	2 days, 14:21:42	15	5735	1	
0.001	240	0.5	2 days, 5:38:39	14	7044	1	
0.001	240	0.5	6:42:06	15	12399	1	
0.001	240	0.5	9 days, 7:22:22	8	14282	1	
0.001	240	0.5	498 days, 19:26:31	0	32879	0	
0.001	240	0.5	498 days, 19:26:31	0	32879	0	
0.001	240	0.5	16 days, 12:22:15	15	21858	1	
0.001	240	0.5	15:13:37	11	30810	1	
0.001	240	0.5	20 days, 20:06:43	0	32879	0	
0.001	240	0.5	9 days, 14:22:17	12	13228	1	
0.001	240	0.5	498 days, 19:26:31	0	32879	0	
0.001	240	0.5	1 day, 10:55:13	24	26459	1	
0.001	240	0.5	24 days, 16:32:26	0	32879	0	
0.001	240	0.5	27 days, 15:40:51	0	32879	0	
0.001	240	0.5	188 days, 16:01:30	1	32879	0	
0.001	240	0.5	498 days, 19:26:31	0	32879	0	
0.001	240	0.5	25 days, 15:36:07	0	32879	0	
0.001	240	0.5	209 days, 2:04:36	0	32879	0	
0.001	240	0.5	193 days, 4:20:00	0	32879	0	
0.001	240	0.5	1 day, 1:27:10	15	32549	1	
0.001	240	0.5	1 day, 23:48:33	0	32879	0	
0.001	240	0.5	8 days, 15:12:49	1	32879	0	
0.001	240	0.5	498 days, 19:26:31	0	32879	0	
0.001	240	0.5	28 days, 17:45:52	1	32879	0	
0.001	240	0.5	498 days, 19:26:31	0	32879	0	
0.001	240	0.5	20 days, 16:51:30	0	32879	0	
0.001	240	0.5	13:16:09	10	13980	1	
0.001	240	0.5	21 days, 5:39:42	21	27945	1	
0.001	240	0.5	18 days, 19:22:42	0	32879	0	
0.001	240	0.5	237 days, 12:31:19	16	10515	1	
0.001	240	0.5	27 days, 16:26:46	0	32879	0	
0.001	240	0.5	3 days, 19:52:35	10	11422	1	
0.001	240	0.5	1 day, 0:09:55	19	27120	1	
0.001	240	0.5	22 days, 14:30:25	0	32879	0	
0.001	240	0.5	12 days, 5:37:23	0	32879	0	
0.001	240	0.5	2 days, 14:42:51	12	5764	1	
0.001	240	0.5	498 days, 19:26:31	0	32879	0	
0.001	240	0.5	29 days, 12:14:04	0	32879	0	
0.001	240	0.5	498 days, 19:26:31	0	32879	0	
0.001	240	0.5	29 days, 23:26:28	0	32879	0	
0.001	240	0.5	1 day, 16:09:52	7	2818	1	
0.001	240	0.5	1 day, 23:47:18	0	32879	0	
0.001	240	0.5	189 days, 7:11:49	20	7238	1	
0.001	240	0.5	4 days, 18:35:35	3	32879	0	
0.001	240	0.5	498 days, 19:26:31	0	32879	0	
0.001	240	0.5	7 days, 15:08:27	18	10903	1	
0.001	240	0.5	13:01:16	9	26503	1	
0.001	240	0.5	3 days, 0:30:05	0	32879	0	
0.001	240	0.5	6 days, 17:23:04	12	29626	1	
0.001	240	0.5	498 days, 19:26:31	0	32879	0	
0.001	240	0.5	498 days, 19:26:31	0	32879	0	