0.001	125	0.05	498 days, 19:26:31	0	32879	0	
0.001	125	0.05	498 days, 19:26:31	0	32879	0	
0.001	125	0.05	27 days, 3:57:33	0	32879	0	
0.001	125	0.05	3 days, 21:02:18	9	17550	1	
0.001	125	0.05	1 day, 0:01:08	5	5481	1	
0.001	125	0.05	27 days, 18:13:17	0	32879	0	
0.001	125	0.05	498 days, 19:26:31	0	32879	0	
0.001	125	0.05	16 days, 0:28:08	2	17483	1	
0.001	125	0.05	12 days, 0:51:31	0	32879	0	
0.001	125	0.05	30 days, 0:13:20	0	32879	0	
0.001	125	0.05	1 day, 0:18:09	5	6583	1	
0.001	125	0.05	9 days, 8:28:20	7	11546	1	
0.001	125	0.05	464 days, 12:01:17	21	1555	1	
0.001	125	0.05	28 days, 14:16:46	0	32879	0	
0.001	125	0.05	29 days, 0:37:54	0	32879	0	
0.001	125	0.05	30 days, 2:49:12	2	32879	0	
0.001	125	0.05	5 days, 19:04:11	0	32879	0	
0.001	125	0.05	7 days, 13:55:04	1	32879	0	
0.001	125	0.05	238 days, 0:55:59	0	32879	0	
0.001	125	0.05	1 day, 23:48:17	0	32879	0	
0.001	125	0.05	498 days, 19:26:31	0	32879	0	
0.001	125	0.05	1 day, 23:48:23	0	32879	0	
0.001	125	0.05	25 days, 21:31:13	1	32879	0	
0.001	125	0.05	498 days, 19:26:31	0	32879	0	
0.001	125	0.05	8 days, 17:58:39	0	32879	0	
0.001	125	0.05	26 days, 20:36:42	0	32879	0	
0.001	125	0.05	19 days, 22:09:20	1	32879	0	
0.001	125	0.05	196 days, 0:13:39	0	32879	0	
0.001	125	0.05	13 days, 1:55:30	0	32879	0	
0.001	125	0.05	14 days, 21:14:51	2	32879	0	
0.001	125	0.05	13 days, 1:00:12	0	32879	0	
0.001	125	0.05	498 days, 19:26:31	0	32879	0	
0.001	125	0.05	30 days, 18:20:46	1	32879	0	
0.001	125	0.05	4 days, 17:44:03	6	9575	1	
0.001	125	0.05	1 day, 4:03:44	2	3072	1	
0.001	125	0.05	1 day, 23:48:35	0	32879	0	
0.001	125	0.05	21 days, 0:46:20	14	23399	1	
0.001	125	0.05	25 days, 18:06:26	0	32879	0	
0.001	125	0.05	15 days, 18:43:30	0	32879	0	
0.001	125	0.05	6 days, 4:26:19	0	32879	0	
0.001	125	0.05	15 days, 12:30:47	0	32879	0	
0.001	125	0.05	7 days, 23:29:08	0	32879	0	
0.001	125	0.05	29 days, 9:09:51	7	32793	1	
0.001	125	0.05	209 days, 2:04:36	0	32879	0	
0.001	125	0.05	20 days, 14:55:01	0	32879	0	
0.001	125	0.05	498 days, 19:26:31	0	32879	0	
0.001	125	0.05	29 days, 21:32:06	1	32879	0	
0.001	125	0.05	254 days, 22:22:03	1	32879	0	
0.001	125	0.05	1 day, 14:21:39	0	32879	0	
0.001	125	0.05	2 days, 3:46:53	6	22195	1	
0.001	125	0.05	20 days, 19:48:27	0	32879	0	
0.001	125	0.05	6 days, 16:52:59	0	32879	0	
0.001	125	0.05	89 days, 21:15:17	0	32879	0	
0.001	125	0.05	10 days, 0:40:51	1	17240	1	
0.001	125	0.05	13 days, 15:49:02	2	18546	1	
0.001	125	0.05	498 days, 19:26:31	0	32879	0	
0.001	125	0.05	29 days, 17:56:09	0	32879	0	
0.001	125	0.05	29 days, 21:38:29	0	32879	0	
0.001	125	0.05	498 days, 19:26:31	0	32879	0	
0.001	125	0.05	498 days, 19:26:31	0	32879	0	
0.001	125	0.05	20 days, 22:00:20	0	32879	0	
0.001	125	0.05	21 days, 20:46:40	0	32879	0	
0.001	125	0.05	1 day, 23:48:52	0	32879	0	
0.001	125	0.05	6 days, 19:50:31	0	32879	0	
0.001	125	0.05	498 days, 19:26:31	0	32879	0	
0.001	125	0.05	498 days, 19:26:31	0	32879	0	
0.001	125	0.05	14 days, 11:16:43	0	32879	0	
0.001	125	0.05	498 days, 19:26:31	0	32879	0	
0.001	125	0.05	15 days, 20:39:00	0	32879	0	
0.001	125	0.05	1 day, 23:48:29	0	32879	0	
0.001	125	0.05	9 days, 2:44:05	0	32879	0	
0.001	125	0.05	3 days, 17:39:23	6	23712	1	
0.001	125	0.05	498 days, 19:26:31	0	32879	0	
0.001	125	0.05	15 days, 20:39:57	0	32879	0	
0.001	125	0.05	11 days, 17:54:32	0	32879	0	
0.001	125	0.05	179 days, 15:17:01	0	32879	0	
0.001	125	0.05	29 days, 12:07:52	0	32879	0	
0.001	125	0.05	498 days, 19:26:31	0	32879	0	
0.001	125	0.05	498 days, 19:26:31	0	32879	0	
0.001	125	0.05	20 days, 3:06:33	0	32879	0	
0.001	125	0.05	1 day, 23:47:28	0	32879	0	
0.001	125	0.05	2 days, 23:26:56	5	6298	1	
0.001	125	0.05	498 days, 19:26:31	0	32879	0	
0.001	125	0.05	14 days, 23:17:06	0	32879	0	
0.001	125	0.05	1 day, 23:48:19	0	32879	0	
0.001	125	0.05	498 days, 19:26:31	0	32879	0	
0.001	125	0.05	2:24:25	6	2695	1	
0.001	125	0.05	5 days, 20:17:09	0	32879	0	
0.001	125	0.05	15 days, 19:53:53	0	32879	0	
0.001	125	0.05	498 days, 19:26:31	0	32879	0	
0.001	125	0.05	2 days, 20:20:40	0	32879	0	
0.001	125	0.05	1 day, 23:48:02	0	32879	0	
0.001	125	0.05	18:51:31	0	32879	0	
0.001	125	0.05	30 days, 8:25:23	0	32879	0	
0.001	125	0.05	12 days, 23:35:06	0	32879	0	
0.001	125	0.05	1 day, 23:46:52	0	32879	0	
0.001	125	0.05	498 days, 19:26:31	0	32879	0	
0.001	125	0.05	26 days, 23:02:10	0	32879	0	
0.001	125	0.05	2 days, 23:54:03	2	6107	1	
0.001	125	0.05	29 days, 0:09:13	1	32879	0	
0.001	125	0.05	498 days, 19:26:31	0	32879	0	
0.001	125	0.05	498 days, 19:26:31	0	32879	0	
0.001	125	0.05	498 days, 19:26:31	0	32879	0	
0.001	125	0.05	1 day, 20:47:12	0	32879	0	
0.001	125	0.05	28 days, 9:21:27	0	32879	0	
0.001	125	0.05	13 days, 15:40:17	1	32879	0	
0.001	125	0.05	29 days, 18:37:00	0	32879	0	
0.001	125	0.05	2 days, 21:17:32	4	29888	1	
0.001	125	0.05	170 days, 1:26:11	1	32879	0	
0.001	125	0.05	498 days, 19:26:31	0	32879	0	
0.001	125	0.05	30 days, 21:46:40	0	32879	0	
0.001	125	0.05	498 days, 19:26:31	0	32879	0	
0.001	125	0.05	498 days, 19:26:31	0	32879	0	
0.001	125	0.05	1 day, 23:48:29	0	32879	0	
0.001	125	0.05	8 days, 17:15:57	0	32879	0	
0.001	125	0.05	127 days, 11:26:45	0	32879	0	
0.001	125	0.05	498 days, 19:26:31	0	32879	0	
0.001	125	0.05	498 days, 19:26:31	0	32879	0	
0.001	125	0.05	12 days, 23:51:46	0	32879	0	
0.001	125	0.05	498 days, 19:26:31	0	32879	0	
0.001	125	0.05	209 days, 2:04:36	0	32879	0	
0.001	125	0.05	10 days, 1:45:11	5	11163	1	
0.001	125	0.05	209 days, 16:24:32	0	32879	0	
0.001	125	0.05	1 day, 23:47:40	0	32879	0	
0.001	125	0.05	147 days, 15:53:03	0	32879	0	
0.001	125	0.05	498 days, 19:26:31	0	32879	0	
0.001	125	0.05	498 days, 19:26:31	0	32879	0	
0.001	125	0.05	1 day, 23:48:03	0	32879	0	
0.001	125	0.05	27 days, 20:55:49	0	32879	0	
0.001	125	0.05	498 days, 19:26:31	0	32879	0	
0.001	125	0.05	4 days, 17:53:53	0	32879	0	
0.001	125	0.05	5 days, 19:31:59	12	9913	1	
0.001	125	0.05	29 days, 23:56:52	0	32879	0	
0.001	125	0.05	30 days, 18:20:46	2	32879	0	
0.001	125	0.05	2 days, 3:22:51	1	32879	0	
0.001	125	0.05	87 days, 13:26:47	11	15031	1	
0.001	125	0.05	74 days, 22:28:01	4	12961	1	
0.001	125	0.05	1 day, 16:44:10	0	32879	0	
0.001	125	0.05	1 day, 23:47:14	0	32879	0	
0.001	125	0.05	1 day, 23:48:45	0	32879	0	
0.001	125	0.05	22 days, 20:19:37	0	32879	0	
0.001	125	0.05	2 days, 22:40:06	3	32879	0	
0.001	125	0.05	19 days, 1:22:40	0	32879	0	
0.001	125	0.05	498 days, 19:26:31	0	32879	0	
0.001	125	0.05	498 days, 19:26:31	0	32879	0	
0.001	125	0.05	29 days, 23:56:52	0	32879	0	
0.001	125	0.05	222 days, 11:45:19	0	32879	0	
0.001	125	0.05	18 days, 16:34:07	0	32879	0	
0.001	125	0.05	1 day, 0:05:40	9	7757	1	
0.001	125	0.05	16 days, 2:45:55	0	32879	0	
0.001	125	0.05	24 days, 4:24:21	4	29166	1	
0.001	125	0.05	1 day, 23:48:35	0	32879	0	
0.001	125	0.05	6 days, 1:31:49	0	32879	0	
0.001	125	0.05	23 days, 1:50:40	0	32879	0	
0.001	125	0.05	31 days, 3:30:35	0	32879	0	
0.001	125	0.05	19 days, 22:06:53	0	32879	0	
0.001	125	0.05	498 days, 19:26:31	0	32879	0	
0.001	125	0.05	11 days, 23:03:01	0	32879	0	
0.001	125	0.05	13 days, 4:52:23	7	21593	1	
0.001	125	0.05	498 days, 19:26:31	0	32879	0	
0.001	125	0.05	22 days, 21:11:34	0	32879	0	
0.001	125	0.05	65 days, 7:04:58	7	13503	1	
0.001	125	0.05	2 days, 9:05:04	6	7236	1	
0.001	125	0.05	498 days, 19:26:31	0	32879	0	
0.001	125	0.05	23 days, 20:51:53	1	28661	1	
0.001	125	0.05	29 days, 0:51:25	0	32879	0	
0.001	125	0.05	5 days, 9:52:07	0	32879	0	
0.001	125	0.05	28 days, 20:13:22	0	32879	0	
0.001	125	0.05	4 days, 17:53:53	0	32879	0	
0.001	125	0.05	1 day, 11:05:48	1	4478	1	
0.001	125	0.05	19 days, 19:19:37	0	32879	0	
0.001	125	0.05	1 day, 17:59:48	5	15686	1	
0.001	125	0.05	31 days, 19:33:05	0	32879	0	
0.001	125	0.05	498 days, 19:26:31	0	32879	0	
0.001	125	0.05	29 days, 19:24:35	0	32879	0	
0.001	125	0.05	10 days, 3:30:59	5	14208	1	
0.001	125	0.05	498 days, 19:26:31	0	32879	0	
0.001	125	0.05	498 days, 19:26:31	0	32879	0	
0.001	125	0.05	498 days, 19:26:31	0	32879	0	
0.001	125	0.05	498 days, 19:26:31	0	32879	0	
0.001	125	0.05	6 days, 18:13:41	5	20906	1	
0.001	125	0.05	30 days, 4:01:49	0	32879	0	
0.001	125	0.05	33 days, 20:40:53	0	32879	0	
0.001	125	0.05	30 days, 14:06:12	1	32879	0	
0.001	125	0.05	29 days, 10:25:16	0	32879	0	
0.001	125	0.05	3 days, 23:08:16	6	15612	1	
0.001	125	0.05	27 days, 16:02:36	0	32879	0	
0.001	125	0.05	1 day, 23:48:07	0	32879	0	
0.001	125	0.05	498 days, 19:26:31	0	32879	0	
0.001	125	0.05	5 days, 16:43:18	0	32879	0	
0.001	125	0.05	1 day, 23:48:10	0	32879	0	
0.001	125	0.05	29 days, 20:26:23	0	32879	0	
0.001	125	0.05	22 days, 13:11:35	0	32879	0	
0.001	125	0.05	27 days, 15:20:41	2	32879	0	
0.001	125	0.05	48 days, 1:11:25	3	14130	1	
0.001	125	0.05	1 day, 14:39:09	4	4691	1	
0.001	125	0.05	20 days, 18:48:56	0	32879	0	
0.001	125	0.05	1 day, 23:48:10	0	32879	0	
0.001	125	0.05	5 days, 23:27:22	0	32879	0	
0.001	125	0.05	16 days, 4:18:15	0	32879	0	
0.001	125	0.1	42 days, 2:17:00	5	7834	1	
0.001	125	0.1	498 days, 19:26:31	0	32879	0	
0.001	125	0.1	23 days, 1:00:15	0	32879	0	
0.001	125	0.1	498 days, 19:26:31	0	32879	0	
0.001	125	0.1	498 days, 19:26:31	0	32879	0	
0.001	125	0.1	6 days, 4:52:24	14	13627	1	
0.001	125	0.1	2 days, 7:23:33	6	5700	1	
0.001	125	0.1	498 days, 19:26:31	0	32879	0	
0.001	125	0.1	7 days, 15:13:46	10	10583	1	
0.001	125	0.1	6 days, 20:21:14	0	32879	0	
0.001	125	0.1	1 day, 23:48:45	0	32879	0	
0.001	125	0.1	13 days, 3:28:20	0	32879	0	
0.001	125	0.1	18 days, 22:49:35	0	32879	0	
0.001	125	0.1	1 day, 20:49:01	0	32879	0	
0.001	125	0.1	17 days, 2:54:01	3	27803	1	
0.001	125	0.1	498 days, 19:26:31	0	32879	0	
0.001	125	0.1	83 days, 10:59:03	1	32879	0	
0.001	125	0.1	498 days, 19:26:31	0	32879	0	
0.001	125	0.1	14 days, 5:17:11	12	17629	1	
0.001	125	0.1	498 days, 19:26:31	0	32879	0	
0.001	125	0.1	27 days, 1:49:04	1	32879	0	
0.001	125	0.1	22 days, 17:24:55	0	32879	0	
0.001	125	0.1	20 days, 3:06:33	0	32879	0	
0.001	125	0.1	3 days, 21:49:34	11	32644	1	
0.001	125	0.1	29 days, 1:30:48	0	32879	0	
0.001	125	0.1	6 days, 17:48:14	0	32879	0	
0.001	125	0.1	498 days, 19:26:31	0	32879	0	
0.001	125	0.1	8 days, 12:19:19	0	32879	0	
0.001	125	0.1	21 days, 14:20:02	16	28095	1	
0.001	125	0.1	27 days, 21:24:44	0	32879	0	
0.001	125	0.1	248 days, 5:19:27	0	32879	0	
0.001	125	0.1	1 day, 23:46:47	0	32879	0	
0.001	125	0.1	27 days, 17:22:30	0	32879	0	
0.001	125	0.1	498 days, 19:26:31	0	32879	0	
0.001	125	0.1	498 days, 19:26:31	0	32879	0	
0.001	125	0.1	110 days, 0:48:20	1	32879	0	
0.001	125	0.1	498 days, 19:26:31	0	32879	0	
0.001	125	0.1	498 days, 19:26:31	0	32879	0	
0.001	125	0.1	9 days, 6:34:23	9	13158	1	
0.001	125	0.1	22 days, 15:01:47	0	32879	0	
0.001	125	0.1	108 days, 11:16:44	12	12607	1	
0.001	125	0.1	170 days, 1:26:11	0	32879	0	
0.001	125	0.1	28 days, 14:16:46	0	32879	0	
0.001	125	0.1	498 days, 19:26:31	0	32879	0	
0.001	125	0.1	8:30:04	4	10204	1	
0.001	125	0.1	21 days, 4:46:29	7	24053	1	
0.001	125	0.1	498 days, 19:26:31	0	32879	0	
0.001	125	0.1	12 days, 0:51:31	0	32879	0	
0.001	125	0.1	1:31:10	5	13284	1	
0.001	125	0.1	5 days, 8:56:12	0	32879	0	
0.001	125	0.1	498 days, 19:26:31	0	32879	0	
0.001	125	0.1	498 days, 19:26:31	0	32879	0	
0.001	125	0.1	1 day, 23:48:10	10	32879	0	
0.001	125	0.1	189 days, 0:14:35	20	2130	1	
0.001	125	0.1	498 days, 19:26:31	0	32879	0	
0.001	125	0.1	27 days, 13:23:22	0	32879	0	
0.001	125	0.1	498 days, 19:26:31	0	32879	0	
0.001	125	0.1	29 days, 21:49:43	0	32879	0	
0.001	125	0.1	16 days, 2:28:14	0	32879	0	
0.001	125	0.1	22 days, 8:05:39	7	26004	1	
0.001	125	0.1	24 days, 3:49:50	4	29737	1	
0.001	125	0.1	22 days, 12:22:04	0	32879	0	
0.001	125	0.1	7 days, 23:30:51	0	32879	0	
0.001	125	0.1	13 days, 21:53:29	0	32879	0	
0.001	125	0.1	29 days, 22:54:02	0	32879	0	
0.001	125	0.1	27 days, 21:55:08	0	32879	0	
0.001	125	0.1	498 days, 19:26:31	0	32879	0	
0.001	125	0.1	3 days, 12:25:00	11	31948	1	
0.001	125	0.1	27 days, 16:09:19	0	32879	0	
0.001	125	0.1	7 days, 20:12:10	0	32879	0	
0.001	125	0.1	16 days, 17:02:35	5	28092	1	
0.001	125	0.1	27 days, 18:13:17	0	32879	0	
0.001	125	0.1	18 days, 19:22:42	0	32879	0	
0.001	125	0.1	498 days, 19:26:31	0	32879	0	
0.001	125	0.1	1 day, 20:47:46	0	32879	0	
0.001	125	0.1	7 days, 15:13:46	7	10590	1	
0.001	125	0.1	17 days, 18:20:30	0	32879	0	
0.001	125	0.1	7 days, 19:44:00	3	30848	1	
0.001	125	0.1	7 days, 16:37:56	10	14290	1	
0.001	125	0.1	20 days, 15:43:14	0	32879	0	
0.001	125	0.1	4 days, 21:18:24	17	10921	1	
0.001	125	0.1	11 days, 21:23:38	0	32879	0	
0.001	125	0.1	498 days, 19:26:31	0	32879	0	
0.001	125	0.1	1 day, 23:47:18	0	32879	0	
0.001	125	0.1	20 days, 20:04:57	0	32879	0	
0.001	125	0.1	498 days, 19:26:31	0	32879	0	
0.001	125	0.1	5 days, 19:44:41	0	32879	0	
0.001	125	0.1	148 days, 19:23:09	0	32879	0	
0.001	125	0.1	1 day, 23:47:19	0	32879	0	
0.001	125	0.1	498 days, 19:26:31	0	32879	0	
0.001	125	0.1	27 days, 23:43:23	0	32879	0	
0.001	125	0.1	28 days, 2:44:23	0	32879	0	
0.001	125	0.1	498 days, 19:26:31	0	32879	0	
0.001	125	0.1	498 days, 19:26:31	0	32879	0	
0.001	125	0.1	20 days, 0:36:20	0	32879	0	
0.001	125	0.1	498 days, 19:26:31	0	32879	0	
0.001	125	0.1	1 day, 23:48:05	0	32879	0	
0.001	125	0.1	200 days, 19:24:18	0	32879	0	
0.001	125	0.1	334 days, 22:23:35	0	32879	0	
0.001	125	0.1	12 days, 20:55:34	10	18529	1	
0.001	125	0.1	2 days, 1:02:02	9	32623	1	
0.001	125	0.1	9:26:16	0	32879	0	
0.001	125	0.1	4 days, 22:01:38	16	9553	1	
0.001	125	0.1	25 days, 23:23:56	0	32879	0	
0.001	125	0.1	17 days, 14:04:33	0	32879	0	
0.001	125	0.1	29 days, 22:19:48	0	32879	0	
0.001	125	0.1	498 days, 19:26:31	0	32879	0	
0.001	125	0.1	67 days, 0:34:55	5	2817	1	
0.001	125	0.1	4 days, 22:45:53	4	7368	1	
0.001	125	0.1	29 days, 18:37:00	0	32879	0	
0.001	125	0.1	498 days, 19:26:31	0	32879	0	
0.001	125	0.1	349 days, 18:31:03	6	6298	1	
0.001	125	0.1	498 days, 19:26:31	0	32879	0	
0.001	125	0.1	18 days, 23:24:14	1	32879	0	
0.001	125	0.1	25 days, 18:31:29	0	32879	0	
0.001	125	0.1	14 days, 13:25:02	0	32879	0	
0.001	125	0.1	29 days, 19:35:28	1	32879	0	
0.001	125	0.1	245 days, 2:06:05	0	32879	0	
0.001	125	0.1	8 days, 18:21:32	5	10903	1	
0.001	125	0.1	26 days, 15:04:26	0	32879	0	
0.001	125	0.1	6 days, 22:01:23	0	32879	0	
0.001	125	0.1	498 days, 19:26:31	0	32879	0	
0.001	125	0.1	26 days, 3:26:29	0	32879	0	
0.001	125	0.1	22 days, 15:26:24	0	32879	0	
0.001	125	0.1	498 days, 19:26:31	0	32879	0	
0.001	125	0.1	213 days, 23:50:26	5	2027	1	
0.001	125	0.1	2 days, 1:31:14	6	2018	1	
0.001	125	0.1	7 days, 3:21:54	15	24282	1	
0.001	125	0.1	1 day, 23:48:32	0	32879	0	
0.001	125	0.1	1 day, 1:47:29	9	32593	1	
0.001	125	0.1	1 day, 23:47:12	0	32879	0	
0.001	125	0.1	1 day, 23:48:10	0	32879	0	
0.001	125	0.1	18 days, 18:59:24	0	32879	0	
0.001	125	0.1	498 days, 19:26:31	0	32879	0	
0.001	125	0.1	20 days, 19:46:40	7	29859	1	
0.001	125	0.1	1 day, 23:48:24	0	32879	0	
0.001	125	0.1	129 days, 12:34:36	0	32879	0	
0.001	125	0.1	29 days, 7:12:34	1	32879	0	
0.001	125	0.1	4:29:15	4	2634	1	
0.001	125	0.1	498 days, 19:26:31	0	32879	0	
0.001	125	0.1	498 days, 19:26:31	0	32879	0	
0.001	125	0.1	27 days, 20:55:49	0	32879	0	
0.001	125	0.1	15 days, 1:50:48	0	32879	0	
0.001	125	0.1	1 day, 23:48:13	0	32879	0	
0.001	125	0.1	498 days, 19:26:31	0	32879	0	
0.001	125	0.1	10 days, 18:38:18	0	32879	0	
0.001	125	0.1	28 days, 23:48:13	12	32549	1	
0.001	125	0.1	175 days, 11:36:23	0	32879	0	
0.001	125	0.1	2 days, 0:59:07	9	5551	1	
0.001	125	0.1	1 day, 23:47:40	0	32879	0	
0.001	125	0.1	25 days, 18:31:29	0	32879	0	
0.001	125	0.1	18 days, 18:04:09	0	32879	0	
0.001	125	0.1	5 days, 21:54:57	0	32879	0	
0.001	125	0.1	24 days, 0:23:02	0	32879	0	
0.001	125	0.1	1 day, 23:24:30	7	2260	1	
0.001	125	0.1	498 days, 19:26:31	0	32879	0	
0.001	125	0.1	9:46:04	0	32879	0	
0.001	125	0.1	29 days, 22:00:55	1	32879	0	
0.001	125	0.1	1 day, 23:48:27	0	32879	0	
0.001	125	0.1	28 days, 15:12:34	1	32879	0	
0.001	125	0.1	13 days, 23:42:45	9	28171	1	
0.001	125	0.1	28 days, 19:56:43	0	32879	0	
0.001	125	0.1	498 days, 19:26:31	0	32879	0	
0.001	125	0.1	2 days, 23:06:39	7	4404	1	
0.001	125	0.1	1 day, 23:46:52	0	32879	0	
0.001	125	0.1	498 days, 19:26:31	0	32879	0	
0.001	125	0.1	2 days, 16:50:59	9	6259	1	
0.001	125	0.1	14 days, 17:04:13	4	26482	1	
0.001	125	0.1	498 days, 19:26:31	0	32879	0	
0.001	125	0.1	18 days, 18:59:24	0	32879	0	
0.001	125	0.1	7 days, 20:01:29	0	32879	0	
0.001	125	0.1	1 day, 23:46:47	0	32879	0	
0.001	125	0.1	498 days, 19:26:31	0	32879	0	
0.001	125	0.1	11 days, 22:03:10	6	32879	0	
0.001	125	0.1	14 days, 22:01:11	0	32879	0	
0.001	125	0.1	498 days, 19:26:31	0	32879	0	
0.001	125	0.1	12 days, 20:34:05	0	32879	0	
0.001	125	0.1	15 days, 8:59:09	0	32879	0	
0.001	125	0.1	498 days, 19:26:31	0	32879	0	
0.001	125	0.1	29 days, 16:41:32	0	32879	0	
0.001	125	0.1	293 days, 1:08:30	1	32879	0	
0.001	125	0.1	26 days, 19:52:06	0	32879	0	
0.001	125	0.1	20 days, 21:22:48	0	32879	0	
0.001	125	0.1	30 days, 4:01:49	0	32879	0	
0.001	125	0.1	21 days, 14:58:35	0	32879	0	
0.001	125	0.1	13 days, 15:20:46	13	17550	1	
0.001	125	0.1	27 days, 16:23:12	0	32879	0	
0.001	125	0.1	498 days, 19:26:31	0	32879	0	
0.001	125	0.1	498 days, 19:26:31	0	32879	0	
0.001	125	0.1	7 days, 3:26:56	11	11382	1	
0.001	125	0.1	207 days, 8:55:01	8	32391	1	
0.001	125	0.1	244 days, 4:05:18	0	32879	0	
0.001	125	0.1	25 days, 19:09:49	0	32879	0	
0.001	125	0.1	10 days, 5:27:32	6	14627	1	
0.001	125	0.1	498 days, 19:26:31	0	32879	0	
0.001	125	0.1	498 days, 19:26:31	0	32879	0	
0.001	125	0.1	12 days, 20:42:50	0	32879	0	
0.001	125	0.1	498 days, 19:26:31	0	32879	0	
0.001	125	0.1	16 days, 1:24:18	0	32879	0	
0.001	125	0.1	14 days, 13:25:02	0	32879	0	
0.001	125	0.15	28 days, 18:01:00	0	32879	0	
0.001	125	0.15	14 days, 3:48:47	0	32879	0	
0.001	125	0.15	4 days, 21:11:52	0	32879	0	
0.001	125	0.15	14 days, 17:38:21	9	20906	1	
0.001	125	0.15	12:38:18	9	13915	1	
0.001	125	0.15	30 days, 22:41:02	0	32879	0	
0.001	125	0.15	18:27:13	10	3695	1	
0.001	125	0.15	15 days, 18:10:22	0	32879	0	
0.001	125	0.15	254 days, 22:22:03	0	32879	0	
0.001	125	0.15	28 days, 17:45:52	0	32879	0	
0.001	125	0.15	498 days, 19:26:31	0	32879	0	
0.001	125	0.15	12 days, 22:37:55	0	32879	0	
0.001	125	0.15	1 day, 2:47:11	10	3985	1	
0.001	125	0.15	27 days, 2:50:48	17	32761	1	
0.001	125	0.15	23 days, 2:58:15	7	29689	1	
0.001	125	0.15	28 days, 19:10:09	0	32879	0	
0.001	125	0.15	22 days, 2:06:02	8	4319	1	
0.001	125	0.15	20 days, 18:57:04	0	32879	0	
0.001	125	0.15	498 days, 19:26:31	0	32879	0	
0.001	125	0.15	22 days, 20:22:21	0	32879	0	
0.001	125	0.15	202 days, 14:36:28	12	12310	1	
0.001	125	0.15	15 days, 20:39:57	0	32879	0	
0.001	125	0.15	2 days, 22:41:59	0	32879	0	
0.001	125	0.15	5 days, 15:20:46	2	32879	0	
0.001	125	0.15	209 days, 21:28:39	7	3139	1	
0.001	125	0.15	12:23:58	9	5003	1	
0.001	125	0.15	25 days, 9:39:28	0	32879	0	
0.001	125	0.15	498 days, 19:26:31	0	32879	0	
0.001	125	0.15	12 days, 19:25:34	0	32879	0	
0.001	125	0.15	498 days, 19:26:31	0	32879	0	
0.001	125	0.15	7 days, 23:06:46	0	32879	0	
0.001	125	0.15	1 day, 23:47:22	0	32879	0	
0.001	125	0.15	9 days, 16:25:57	5	14697	1	
0.001	125	0.15	6 days, 17:38:55	0	32879	0	
0.001	125	0.15	12 days, 23:35:06	0	32879	0	
0.001	125	0.15	22 days, 1:28:07	0	32879	0	
0.001	125	0.15	21 days, 20:20:49	15	25918	1	
0.001	125	0.15	66 days, 5:03:52	7	1881	1	
0.001	125	0.15	1 day, 23:48:43	0	32879	0	
0.001	125	0.15	1 day, 21:24:07	19	31457	1	
0.001	125	0.15	23 days, 0:25:15	0	32879	0	
0.001	125	0.15	1 day, 15:48:34	0	32879	0	
0.001	125	0.15	14 days, 16:59:20	0	32879	0	
0.001	125	0.15	4 days, 22:16:53	10	12336	1	
0.001	125	0.15	3 days, 8:00:13	6	6841	1	
0.001	125	0.15	2:13:01	11	2421	1	
0.001	125	0.15	498 days, 19:26:31	0	32879	0	
0.001	125	0.15	30 days, 1:39:35	0	32879	0	
0.001	125	0.15	498 days, 19:26:31	0	32879	0	
0.001	125	0.15	7 days, 20:12:48	0	32879	0	
0.001	125	0.15	1 day, 23:48:06	0	32879	0	
0.001	125	0.15	498 days, 19:26:31	0	32879	0	
0.001	125	0.15	26 days, 21:05:28	9	32879	0	
0.001	125	0.15	12 days, 22:27:37	5	26004	1	
0.001	125	0.15	237 days, 0:24:37	0	32879	0	
0.001	125	0.15	22 days, 12:39:46	0	32879	0	
0.001	125	0.15	498 days, 19:26:31	0	32879	0	
0.001	125	0.15	11 days, 20:09:41	9	17820	1	
0.001	125	0.15	498 days, 19:26:31	0	32879	0	
0.001	125	0.15	28 days, 17:27:42	15	32511	1	
0.001	125	0.15	498 days, 19:26:31	0	32879	0	
0.001	125	0.15	2 days, 5:21:43	7	4691	1	
0.001	125	0.15	1 day, 23:47:28	7	32879	0	
0.001	125	0.15	498 days, 19:26:31	0	32879	0	
0.001	125	0.15	27 days, 20:24:29	9	32043	1	
0.001	125	0.15	155 days, 19:42:21	4	14499	1	
0.001	125	0.15	4 days, 22:50:58	9	7047	1	
0.001	125	0.15	28 days, 19:10:09	0	32879	0	
0.001	125	0.15	1 day, 23:48:26	0	32879	0	
0.001	125	0.15	498 days, 19:26:31	0	32879	0	
0.001	125	0.15	28 days, 17:45:52	1	32879	0	
0.001	125	0.15	498 days, 19:26:31	0	32879	0	
0.001	125	0.15	498 days, 19:26:31	0	32879	0	
0.001	125	0.15	498 days, 19:26:31	0	32879	0	
0.001	125	0.15	27 days, 20:55:49	4	32879	0	
0.001	125	0.15	19:47:05	0	32879	0	
0.001	125	0.15	11 days, 12:20:05	0	32879	0	
0.001	125	0.15	18 days, 7:09:09	6	21366	1	
0.001	125	0.15	12 days, 23:51:46	0	32879	0	
0.001	125	0.15	85 days, 15:10:53	0	32879	0	
0.001	125	0.15	7 days, 20:12:48	0	32879	0	
0.001	125	0.15	498 days, 19:26:31	0	32879	0	
0.001	125	0.15	11 days, 16:01:30	20	17293	1	
0.001	125	0.15	2 days, 2:39:11	17	20373	1	
0.001	125	0.15	3 days, 15:07:18	15	7237	1	
0.001	125	0.15	269 days, 23:04:57	21	11144	1	
0.001	125	0.15	22 days, 16:57:40	0	32879	0	
0.001	125	0.15	5 days, 8:56:12	0	32879	0	
0.001	125	0.15	498 days, 19:26:31	0	32879	0	
0.001	125	0.15	349 days, 0:03:00	15	5421	1	
0.001	125	0.15	7 days, 23:22:36	0	32879	0	
0.001	125	0.15	1 day, 23:48:12	0	32879	0	
0.001	125	0.15	7 days, 1:48:14	0	32879	0	
0.001	125	0.15	498 days, 19:26:31	0	32879	0	
0.001	125	0.15	28 days, 21:56:55	0	32879	0	
0.001	125	0.15	21 days, 23:13:38	0	32879	0	
0.001	125	0.15	498 days, 19:26:31	0	32879	0	
0.001	125	0.15	16 days, 2:28:14	0	32879	0	
0.001	125	0.15	16 days, 0:21:19	0	32879	0	
0.001	125	0.15	6 days, 13:28:22	0	32879	0	
0.001	125	0.15	54 days, 0:17:05	6	2620	1	
0.001	125	0.15	29 days, 19:29:01	0	32879	0	
0.001	125	0.15	12 days, 20:19:18	12	31951	1	
0.001	125	0.15	498 days, 19:26:31	0	32879	0	
0.001	125	0.15	29 days, 20:32:54	1	32879	0	
0.001	125	0.15	1 day, 23:49:00	0	32879	0	
0.001	125	0.15	1:13:12	16	25722	1	
0.001	125	0.15	414 days, 19:14:56	5	7043	1	
0.001	125	0.15	22 days, 20:22:21	0	32879	0	
0.001	125	0.15	86 days, 9:24:38	0	32879	0	
0.001	125	0.15	1 day, 23:48:08	0	32879	0	
0.001	125	0.15	4:18:07	7	2574	1	
0.001	125	0.15	498 days, 19:26:31	0	32879	0	
0.001	125	0.15	1 day, 23:48:45	0	32879	0	
0.001	125	0.15	1 day, 23:48:36	0	32879	0	
0.001	125	0.15	1 day, 22:11:40	2	32879	0	
0.001	125	0.15	7 days, 2:26:54	9	9376	1	
0.001	125	0.15	498 days, 19:26:31	0	32879	0	
0.001	125	0.15	1 day, 23:47:30	0	32879	0	
0.001	125	0.15	7 days, 20:12:48	0	32879	0	
0.001	125	0.15	2 days, 3:15:14	8	4544	1	
0.001	125	0.15	498 days, 19:26:31	0	32879	0	
0.001	125	0.15	17:02:56	9	29917	1	
0.001	125	0.15	27 days, 21:11:18	0	32879	0	
0.001	125	0.15	21 days, 12:48:56	10	28671	1	
0.001	125	0.15	7 days, 14:33:04	0	32879	0	
0.001	125	0.15	498 days, 19:26:31	0	32879	0	
0.001	125	0.15	5 days, 3:47:52	13	20468	1	
0.001	125	0.15	26 days, 7:38:41	0	32879	0	
0.001	125	0.15	498 days, 19:26:31	0	32879	0	
0.001	125	0.15	133 days, 2:18:40	0	32879	0	
0.001	125	0.15	498 days, 19:26:31	0	32879	0	
0.001	125	0.15	498 days, 19:26:31	0	32879	0	
0.001	125	0.15	498 days, 19:26:31	0	32879	0	
0.001	125	0.15	26 days, 13:04:11	7	32293	1	
0.001	125	0.15	498 days, 19:26:31	0	32879	0	
0.001	125	0.15	25 days, 23:23:56	0	32879	0	
0.001	125	0.15	11 days, 3:28:58	3	15465	1	
0.001	125	0.15	15 days, 11:43:31	5	16735	1	
0.001	125	0.15	20:19:59	14	20373	1	
0.001	125	0.15	195 days, 20:31:22	19	5657	1	
0.001	125	0.15	294 days, 18:30:36	23	19457	1	
0.001	125	0.15	498 days, 19:26:31	0	32879	0	
0.001	125	0.15	1 day, 10:37:49	10	4831	1	
0.001	125	0.15	20 days, 4:52:44	17	32116	1	
0.001	125	0.15	14 days, 14:15:21	0	32879	0	
0.001	125	0.15	498 days, 19:26:31	0	32879	0	
0.001	125	0.15	26 days, 22:08:39	0	32879	0	
0.001	125	0.15	63 days, 3:11:03	0	32879	0	
0.001	125	0.15	498 days, 19:26:31	0	32879	0	
0.001	125	0.15	168 days, 15:32:49	0	32879	0	
0.001	125	0.15	36 days, 17:42:36	12	12169	1	
0.001	125	0.15	6 days, 3:06:09	0	32879	0	
0.001	125	0.15	498 days, 19:26:31	0	32879	0	
0.001	125	0.15	12 days, 21:10:44	20	16913	1	
0.001	125	0.15	21 days, 14:58:35	0	32879	0	
0.001	125	0.15	24 days, 12:55:22	0	32879	0	
0.001	125	0.15	131 days, 7:50:45	14	4142	1	
0.001	125	0.15	4 days, 2:14:23	15	7540	1	
0.001	125	0.15	498 days, 19:26:31	0	32879	0	
0.001	125	0.15	27 days, 22:15:41	0	32879	0	
0.001	125	0.15	498 days, 19:26:31	0	32879	0	
0.001	125	0.15	9 days, 10:54:25	15	12169	1	
0.001	125	0.15	498 days, 19:26:31	0	32879	0	
0.001	125	0.15	11 days, 15:15:33	0	32879	0	
0.001	125	0.15	2 days, 21:44:45	14	24179	1	
0.001	125	0.15	498 days, 19:26:31	0	32879	0	
0.001	125	0.15	23:11:16	6	2261	1	
0.001	125	0.15	29 days, 21:06:42	0	32879	0	
0.001	125	0.15	498 days, 19:26:31	0	32879	0	
0.001	125	0.15	18 days, 15:44:45	0	32879	0	
0.001	125	0.15	22 days, 12:22:04	0	32879	0	
0.001	125	0.15	1 day, 6:07:32	2	32879	0	
0.001	125	0.15	9 days, 15:02:05	11	13824	1	
0.001	125	0.15	14 days, 21:14:51	0	32879	0	
0.001	125	0.15	498 days, 19:26:31	0	32879	0	
0.001	125	0.15	4 days, 0:17:24	11	7540	1	
0.001	125	0.15	498 days, 19:26:31	0	32879	0	
0.001	125	0.15	1 day, 23:47:25	0	32879	0	
0.001	125	0.15	498 days, 19:26:31	0	32879	0	
0.001	125	0.15	18:05:14	20	15486	1	
0.001	125	0.15	498 days, 19:26:31	0	32879	0	
0.001	125	0.15	8 days, 2:57:20	0	32879	0	
0.001	125	0.15	26 days, 9:25:33	0	32879	0	
0.001	125	0.15	215 days, 21:26:51	0	32879	0	
0.001	125	0.15	19 days, 18:36:20	0	32879	0	
0.001	125	0.15	498 days, 19:26:31	0	32879	0	
0.001	125	0.15	162 days, 21:08:52	8	12402	1	
0.001	125	0.15	498 days, 19:26:31	0	32879	0	
0.001	125	0.15	13 days, 0:40:06	9	15398	1	
0.001	125	0.15	24 days, 0:37:45	0	32879	0	
0.001	125	0.15	8:13:27	0	32879	0	
0.001	125	0.15	5 days, 0:16:43	0	32879	0	
0.001	125	0.15	498 days, 19:26:31	0	32879	0	
0.001	125	0.15	0:00:00	11	2302	1	
0.001	125	0.15	26 days, 15:05:26	0	32879	0	
0.001	125	0.15	21 days, 23:13:38	0	32879	0	
0.001	125	0.15	498 days, 19:26:31	0	32879	0	
0.001	125	0.15	16:49:12	10	12279	1	
0.001	125	0.15	15 days, 22:52:02	0	32879	0	
0.001	125	0.2	12 days, 23:18:55	0	32879	0	
0.001	125	0.2	1 day, 1:44:55	16	32591	1	
0.001	125	0.2	498 days, 19:26:31	0	32879	0	
0.001	125	0.2	27 days, 16:35:53	0	32879	0	
0.001	125	0.2	21 days, 18:56:48	2	32879	0	
0.001	125	0.2	15 days, 20:39:00	0	32879	0	
0.001	125	0.2	20 days, 19:10:57	20	28581	1	
0.001	125	0.2	486 days, 11:23:55	0	32879	0	
0.001	125	0.2	21 days, 10:26:23	0	32879	0	
0.001	125	0.2	498 days, 19:26:31	0	32879	0	
0.001	125	0.2	498 days, 19:26:31	0	32879	0	
0.001	125	0.2	7 days, 20:16:32	1	32879	0	
0.001	125	0.2	1 day, 23:48:36	0	32879	0	
0.001	125	0.2	498 days, 19:26:31	0	32879	0	
0.001	125	0.2	6 days, 19:52:16	25	10886	1	
0.001	125	0.2	498 days, 19:26:31	0	32879	0	
0.001	125	0.2	4 days, 21:13:36	19	10937	1	
0.001	125	0.2	1 day, 23:48:36	11	32879	0	
0.001	125	0.2	27 days, 13:09:20	0	32879	0	
0.001	125	0.2	498 days, 19:26:31	0	32879	0	
0.001	125	0.2	498 days, 19:26:31	0	32879	0	
0.001	125	0.2	498 days, 19:26:31	0	32879	0	
0.001	125	0.2	26 days, 13:40:10	14	32879	0	
0.001	125	0.2	498 days, 19:26:31	0	32879	0	
0.001	125	0.2	22 days, 20:22:21	0	32879	0	
0.001	125	0.2	498 days, 19:26:31	0	32879	0	
0.001	125	0.2	27 days, 13:09:20	0	32879	0	
0.001	125	0.2	293 days, 1:08:30	1	32879	0	
0.001	125	0.2	18 days, 19:30:05	0	32879	0	
0.001	125	0.2	1 day, 23:47:30	14	32879	0	
0.001	125	0.2	498 days, 19:26:31	0	32879	0	
0.001	125	0.2	15 days, 17:04:58	13	22868	1	
0.001	125	0.2	1 day, 23:47:54	14	32879	0	
0.001	125	0.2	1 day, 0:52:46	21	32511	1	
0.001	125	0.2	8 days, 15:51:04	1	32879	0	
0.001	125	0.2	498 days, 19:26:31	0	32879	0	
0.001	125	0.2	498 days, 19:26:31	0	32879	0	
0.001	125	0.2	174 days, 14:09:39	19	7796	1	
0.001	125	0.2	28 days, 8:14:15	0	32879	0	
0.001	125	0.2	15:39:40	6	3600	1	
0.001	125	0.2	6 days, 20:14:42	0	32879	0	
0.001	125	0.2	25 days, 1:28:06	21	30320	1	
0.001	125	0.2	2 days, 23:56:39	11	17817	1	
0.001	125	0.2	12 days, 2:59:27	0	32879	0	
0.001	125	0.2	1 day, 18:38:39	12	31834	1	
0.001	125	0.2	1 day, 21:42:16	1	32879	0	
0.001	125	0.2	26 days, 14:56:10	0	32879	0	
0.001	125	0.2	498 days, 19:26:31	0	32879	0	
0.001	125	0.2	19 days, 22:09:20	0	32879	0	
0.001	125	0.2	498 days, 19:26:31	0	32879	0	
0.001	125	0.2	22:52:46	9	6000	1	
0.001	125	0.2	498 days, 19:26:31	0	32879	0	
0.001	125	0.2	2 days, 19:53:36	18	20590	1	
0.001	125	0.2	498 days, 19:26:31	0	32879	0	
0.001	125	0.2	8 days, 22:17:04	0	32879	0	
0.001	125	0.2	498 days, 19:26:31	0	32879	0	
0.001	125	0.2	193 days, 4:20:00	1	32879	0	
0.001	125	0.2	16:55:12	12	19454	1	
0.001	125	0.2	6 days, 18:43:27	20	10807	1	
0.001	125	0.2	1 day, 23:47:25	0	32879	0	
0.001	125	0.2	25 days, 11:32:54	21	32311	1	
0.001	125	0.2	4:48:24	15	11752	1	
0.001	125	0.2	5:16:04	12	21344	1	
0.001	125	0.2	11:53:37	11	6498	1	
0.001	125	0.2	19 days, 9:50:37	18	31457	1	
0.001	125	0.2	498 days, 19:26:31	0	32879	0	
0.001	125	0.2	1 day, 23:48:43	0	32879	0	
0.001	125	0.2	132 days, 0:01:13	8	2758	1	
0.001	125	0.2	3 days, 10:56:50	12	12551	1	
0.001	125	0.2	8 days, 19:07:38	15	14174	1	
0.001	125	0.2	475 days, 22:36:18	13	9795	1	
0.001	125	0.2	194 days, 4:42:05	13	4126	1	
0.001	125	0.2	498 days, 19:26:31	0	32879	0	
0.001	125	0.2	254 days, 22:22:03	0	32879	0	
0.001	125	0.2	19 days, 22:09:20	3	32879	0	
0.001	125	0.2	498 days, 19:26:31	0	32879	0	
0.001	125	0.2	26 days, 4:41:18	0	32879	0	
0.001	125	0.2	498 days, 19:26:31	0	32879	0	
0.001	125	0.2	310 days, 13:21:55	9	13787	1	
0.001	125	0.2	1 day, 21:24:09	6	2031	1	
0.001	125	0.2	29 days, 21:32:06	10	32879	0	
0.001	125	0.2	16 days, 20:59:53	1	32879	0	
0.001	125	0.2	498 days, 19:26:31	0	32879	0	
0.001	125	0.2	26 days, 12:50:47	0	32879	0	
0.001	125	0.2	20:02:20	14	28691	1	
0.001	125	0.2	13 days, 21:01:16	0	32879	0	
0.001	125	0.2	54 days, 1:49:58	7	2052	1	
0.001	125	0.2	129 days, 12:34:36	0	32879	0	
0.001	125	0.2	15 days, 22:21:19	0	32879	0	
0.001	125	0.2	19 days, 13:51:58	0	32879	0	
0.001	125	0.2	498 days, 19:26:31	0	32879	0	
0.001	125	0.2	293 days, 20:11:46	0	32879	0	
0.001	125	0.2	6 days, 23:00:44	0	32879	0	
0.001	125	0.2	191 days, 16:03:51	20	5502	1	
0.001	125	0.2	498 days, 19:26:31	0	32879	0	
0.001	125	0.2	11:25:07	18	19486	1	
0.001	125	0.2	20:38:58	14	15579	1	
0.001	125	0.2	20 days, 23:42:54	1	32879	0	
0.001	125	0.2	29 days, 19:10:32	0	32879	0	
0.001	125	0.2	19 days, 3:15:54	0	32879	0	
0.001	125	0.2	498 days, 19:26:31	0	32879	0	
0.001	125	0.2	9 days, 8:47:59	17	13437	1	
0.001	125	0.2	498 days, 19:26:31	0	32879	0	
0.001	125	0.2	1 day, 23:47:12	0	32879	0	
0.001	125	0.2	8 days, 6:42:16	14	13437	1	
0.001	125	0.2	27 days, 19:21:51	21	31704	1	
0.001	125	0.2	1 day, 23:47:47	0	32879	0	
0.001	125	0.2	498 days, 19:26:31	0	32879	0	
0.001	125	0.2	27 days, 21:55:08	0	32879	0	
0.001	125	0.2	14 days, 3:48:47	0	32879	0	
0.001	125	0.2	20:08:52	18	28688	1	
0.001	125	0.2	1 day, 23:48:04	0	32879	0	
0.001	125	0.2	1 day, 23:48:27	0	32879	0	
0.001	125	0.2	6 days, 18:48:28	6	12731	1	
0.001	125	0.2	498 days, 19:26:31	0	32879	0	
0.001	125	0.2	498 days, 19:26:31	0	32879	0	
0.001	125	0.2	1 day, 6:16:51	7	4188	1	
0.001	125	0.2	19 days, 22:09:20	4	32879	0	
0.001	125	0.2	127 days, 11:26:45	0	32879	0	
0.001	125	0.2	24 days, 19:12:22	14	26767	1	
0.001	125	0.2	498 days, 19:26:31	0	32879	0	
0.001	125	0.2	23:10:37	15	11382	1	
0.001	125	0.2	498 days, 19:26:31	0	32879	0	
0.001	125	0.2	4 days, 5:46:22	18	8003	1	
0.001	125	0.2	498 days, 19:26:31	0	32879	0	
0.001	125	0.2	1 day, 17:12:04	17	21049	1	
0.001	125	0.2	16:12:42	14	13750	1	
0.001	125	0.2	23 days, 6:11:49	6	27749	1	
0.001	125	0.2	498 days, 19:26:31	0	32879	0	
0.001	125	0.2	1 day, 20:47:46	1	32879	0	
0.001	125	0.2	29 days, 16:41:32	0	32879	0	
0.001	125	0.2	15 days, 11:14:15	17	23079	1	
0.001	125	0.2	1 day, 2:55:42	14	11716	1	
0.001	125	0.2	8 days, 13:28:40	12	11878	1	
0.001	125	0.2	18 days, 18:59:24	0	32879	0	
0.001	125	0.2	7:58:43	16	7038	1	
0.001	125	0.2	498 days, 19:26:31	0	32879	0	
0.001	125	0.2	11 days, 20:40:59	0	32879	0	
0.001	125	0.2	18:11:41	11	6403	1	
0.001	125	0.2	4 days, 17:53:53	0	32879	0	
0.001	125	0.2	10 days, 5:44:09	6	13827	1	
0.001	125	0.2	26 days, 9:18:47	0	32879	0	
0.001	125	0.2	27 days, 20:55:49	3	32879	0	
0.001	125	0.2	238 days, 0:55:59	1	32879	0	
0.001	125	0.2	37 days, 0:30:33	16	1804	1	
0.001	125	0.2	13 days, 10:33:31	12	16691	1	
0.001	125	0.2	498 days, 19:26:31	0	32879	0	
0.001	125	0.2	1 day, 23:48:05	0	32879	0	
0.001	125	0.2	498 days, 19:26:31	0	32879	0	
0.001	125	0.2	7 days, 21:46:21	13	9176	1	
0.001	125	0.2	498 days, 19:26:31	0	32879	0	
0.001	125	0.2	13 days, 2:33:12	18	17548	1	
0.001	125	0.2	11 days, 23:17:21	0	32879	0	
0.001	125	0.2	498 days, 19:26:31	0	32879	0	
0.001	125	0.2	20 days, 11:18:32	1	32879	0	
0.001	125	0.2	2 days, 5:41:41	22	7237	1	
0.001	125	0.2	498 days, 19:26:31	0	32879	0	
0.001	125	0.2	9:53:50	10	3186	1	
0.001	125	0.2	15 days, 1:50:48	0	32879	0	
0.001	125	0.2	7 days, 22:35:28	0	32879	0	
0.001	125	0.2	18 days, 17:35:44	0	32879	0	
0.001	125	0.2	17 days, 14:30:35	10	26473	1	
0.001	125	0.2	2 days, 14:25:43	7	6498	1	
0.001	125	0.2	1 day, 23:46:52	0	32879	0	
0.001	125	0.2	1 day, 16:44:42	0	32879	0	
0.001	125	0.2	104 days, 3:51:59	15	4142	1	
0.001	125	0.2	1 day, 1:47:41	12	32593	1	
0.001	125	0.2	498 days, 19:26:31	0	32879	0	
0.001	125	0.2	26 days, 19:58:55	1	32879	0	
0.001	125	0.2	4 days, 15:01:10	10	17102	1	
0.001	125	0.2	254 days, 22:22:03	1	32879	0	
0.001	125	0.2	1 day, 23:47:50	0	32879	0	
0.001	125	0.2	179 days, 15:17:01	0	32879	0	
0.001	125	0.2	217 days, 15:34:30	0	32879	0	
0.001	125	0.2	3 days, 9:37:03	16	7757	1	
0.001	125	0.2	3 days, 3:28:23	13	4665	1	
0.001	125	0.2	89 days, 21:15:17	1	32879	0	
0.001	125	0.2	14 days, 4:16:14	10	16880	1	
0.001	125	0.2	4 days, 8:13:08	14	7540	1	
0.001	125	0.2	498 days, 19:26:31	0	32879	0	
0.001	125	0.2	18:40:53	14	7956	1	
0.001	125	0.2	14 days, 21:30:27	0	32879	0	
0.001	125	0.2	21 days, 14:58:35	0	32879	0	
0.001	125	0.2	498 days, 19:26:31	0	32879	0	
0.001	125	0.2	19 days, 13:51:58	0	32879	0	
0.001	125	0.2	16:27:18	10	4266	1	
0.001	125	0.2	2 days, 14:59:38	11	4735	1	
0.001	125	0.2	3:07:53	7	2360	1	
0.001	125	0.2	15 days, 1:05:08	0	32879	0	
0.001	125	0.2	348 days, 0:12:03	17	4126	1	
0.001	125	0.2	203 days, 8:54:47	22	5500	1	
0.001	125	0.2	1 day, 2:17:34	9	5654	1	
0.001	125	0.2	12 days, 19:55:24	0	32879	0	
0.001	125	0.2	18 days, 19:46:41	0	32879	0	
0.001	125	0.2	1 day, 14:12:51	10	2027	1	
0.001	125	0.2	3:49:57	15	32055	1	
0.001	125	0.2	7 days, 18:41:35	0	32879	0	
0.001	125	0.2	498 days, 19:26:31	0	32879	0	
0.001	125	0.2	16:38:25	9	28416	1	
0.001	125	0.2	15 days, 1:19:17	1	32879	0	
0.001	125	0.25	176 days, 19:16:00	23	1668	1	
0.001	125	0.25	62 days, 1:19:48	1	32879	0	
0.001	125	0.25	10 days, 23:03:50	12	24026	1	
0.001	125	0.25	9:26:56	16	4734	1	
0.001	125	0.25	498 days, 19:26:31	0	32879	0	
0.001	125	0.25	28 days, 17:16:56	0	32879	0	
0.001	125	0.25	16 days, 4:18:15	0	32879	0	
0.001	125	0.25	188 days, 16:01:30	0	32879	0	
0.001	125	0.25	8:25:07	12	3180	1	
0.001	125	0.25	498 days, 19:26:31	0	32879	0	
0.001	125	0.25	498 days, 19:26:31	0	32879	0	
0.001	125	0.25	14 days, 2:28:09	1	32879	0	
0.001	125	0.25	498 days, 19:26:31	0	32879	0	
0.001	125	0.25	498 days, 19:26:31	0	32879	0	
0.001	125	0.25	10:14:32	13	10723	1	
0.001	125	0.25	10 days, 21:30:53	13	26046	1	
0.001	125	0.25	1 day, 10:53:16	0	32879	0	
0.001	125	0.25	1 day, 23:47:39	0	32879	0	
0.001	125	0.25	26 days, 19:13:50	0	32879	0	
0.001	125	0.25	209 days, 2:04:36	0	32879	0	
0.001	125	0.25	27 days, 3:57:33	1	32879	0	
0.001	125	0.25	498 days, 19:26:31	0	32879	0	
0.001	125	0.25	7 days, 20:12:10	0	32879	0	
0.001	125	0.25	20:53:55	17	4144	1	
0.001	125	0.25	6 days, 13:45:08	0	32879	0	
0.001	125	0.25	14 days, 2:28:09	1	32879	0	
0.001	125	0.25	1 day, 23:48:35	0	32879	0	
0.001	125	0.25	17 days, 21:24:27	33	25540	1	
0.001	125	0.25	29 days, 17:56:09	0	32879	0	
0.001	125	0.25	15 days, 13:14:51	0	32879	0	
0.001	125	0.25	498 days, 19:26:31	0	32879	0	
0.001	125	0.25	29 days, 23:50:49	0	32879	0	
0.001	125	0.25	21 days, 14:58:35	0	32879	0	
0.001	125	0.25	8 days, 21:06:25	1	32879	0	
0.001	125	0.25	19 days, 14:16:14	18	31509	1	
0.001	125	0.25	498 days, 19:26:31	0	32879	0	
0.001	125	0.25	498 days, 19:26:31	0	32879	0	
0.001	125	0.25	18:50:24	23	7757	1	
0.001	125	0.25	498 days, 19:26:31	0	32879	0	
0.001	125	0.25	498 days, 19:26:31	0	32879	0	
0.001	125	0.25	4 days, 17:34:42	20	16866	1	
0.001	125	0.25	18:56:39	14	3873	1	
0.001	125	0.25	1 day, 21:34:08	12	2031	1	
0.001	125	0.25	498 days, 19:26:31	0	32879	0	
0.001	125	0.25	498 days, 19:26:31	0	32879	0	
0.001	125	0.25	498 days, 19:26:31	0	32879	0	
0.001	125	0.25	28 days, 18:01:00	0	32879	0	
0.001	125	0.25	19 days, 21:33:02	0	32879	0	
0.001	125	0.25	12 days, 18:13:45	0	32879	0	
0.001	125	0.25	2 days, 1:47:41	23	11325	1	
0.001	125	0.25	177 days, 20:51:22	37	1699	1	
0.001	125	0.25	8 days, 22:17:04	0	32879	0	
0.001	125	0.25	21 days, 18:56:48	0	32879	0	
0.001	125	0.25	30 days, 9:43:55	1	32879	0	
0.001	125	0.25	15 days, 21:15:17	0	32879	0	
0.001	125	0.25	1 day, 1:39:26	21	5502	1	
0.001	125	0.25	498 days, 19:26:31	0	32879	0	
0.001	125	0.25	498 days, 19:26:31	0	32879	0	
0.001	125	0.25	28 days, 23:57:19	0	32879	0	
0.001	125	0.25	7 days, 13:32:17	0	32879	0	
0.001	125	0.25	473 days, 8:11:15	0	32879	0	
0.001	125	0.25	210 days, 18:20:07	12	4127	1	
0.001	125	0.25	15 days, 5:23:15	0	32879	0	
0.001	125	0.25	28 days, 23:28:28	1	32879	0	
0.001	125	0.25	18 days, 2:38:17	23	22127	1	
0.001	125	0.25	498 days, 19:26:31	0	32879	0	
0.001	125	0.25	498 days, 19:26:31	0	32879	0	
0.001	125	0.25	1 day, 23:48:26	0	32879	0	
0.001	125	0.25	498 days, 19:26:31	0	32879	0	
0.001	125	0.25	498 days, 19:26:31	0	32879	0	
0.001	125	0.25	3:50:04	22	32059	1	
0.001	125	0.25	7 days, 15:29:09	0	32879	0	
0.001	125	0.25	2 days, 20:20:40	1	32879	0	
0.001	125	0.25	498 days, 19:26:31	0	32879	0	
0.001	125	0.25	11 days, 15:15:33	0	32879	0	
0.001	125	0.25	21 days, 18:56:48	1	32879	0	
0.001	125	0.25	3 days, 16:41:56	13	4681	1	
0.001	125	0.25	61 days, 7:52:10	15	8436	1	
0.001	125	0.25	498 days, 19:26:31	0	32879	0	
0.001	125	0.25	14:19:56	15	6421	1	
0.001	125	0.25	4 days, 22:21:09	0	32879	0	
0.001	125	0.25	1 day, 12:33:44	14	22886	1	
0.001	125	0.25	15:26:31	16	4963	1	
0.001	125	0.25	23:06:20	23	22235	1	
0.001	125	0.25	1 day, 23:49:02	16	22156	1	
0.001	125	0.25	486 days, 11:23:55	0	32879	0	
0.001	125	0.25	1 day, 23:55:05	10	22349	1	
0.001	125	0.25	12 days, 0:51:31	0	32879	0	
0.001	125	0.25	6 days, 14:15:01	0	32879	0	
0.001	125	0.25	14 days, 0:30:37	19	24321	1	
0.001	125	0.25	1 day, 15:17:56	18	12175	1	
0.001	125	0.25	498 days, 19:26:31	0	32879	0	
0.001	125	0.25	7 days, 17:57:37	7	26051	1	
0.001	125	0.25	4 days, 18:11:52	0	32879	0	
0.001	125	0.25	29 days, 4:39:32	23	32761	1	
0.001	125	0.25	21 days, 19:29:13	0	32879	0	
0.001	125	0.25	498 days, 19:26:31	0	32879	0	
0.001	125	0.25	7 days, 1:02:41	17	9003	1	
0.001	125	0.25	3:05:17	15	6545	1	
0.001	125	0.25	1 day, 22:11:40	0	32879	0	
0.001	125	0.25	1 day, 1:03:15	15	32519	1	
0.001	125	0.25	3 days, 23:11:00	21	7769	1	
0.001	125	0.25	14 days, 21:30:27	0	32879	0	
0.001	125	0.25	14:57:35	0	32879	0	
0.001	125	0.25	7 days, 23:44:53	0	32879	0	
0.001	125	0.25	498 days, 19:26:31	0	32879	0	
0.001	125	0.25	9 days, 15:07:33	20	25501	1	
0.001	125	0.25	16 days, 19:13:00	13	31341	1	
0.001	125	0.25	191 days, 8:54:09	32	1650	1	
0.001	125	0.25	498 days, 19:26:31	0	32879	0	
0.001	125	0.25	2 days, 0:58:53	12	7939	1	
0.001	125	0.25	498 days, 19:26:31	0	32879	0	
0.001	125	0.25	498 days, 19:26:31	0	32879	0	
0.001	125	0.25	263 days, 23:06:32	14	2985	1	
0.001	125	0.25	193 days, 4:20:00	1	32879	0	
0.001	125	0.25	175 days, 17:15:17	0	32879	0	
0.001	125	0.25	54 days, 0:52:04	11	2728	1	
0.001	125	0.25	498 days, 19:26:31	0	32879	0	
0.001	125	0.25	1 day, 23:47:12	0	32879	0	
0.001	125	0.25	464 days, 13:55:47	78	1568	1	
0.001	125	0.25	1 day, 23:48:52	0	32879	0	
0.001	125	0.25	1 day, 23:48:11	0	32879	0	
0.001	125	0.25	19 days, 19:03:28	0	32879	0	
0.001	125	0.25	14:39:53	12	26503	1	
0.001	125	0.25	29 days, 12:26:12	1	32879	0	
0.001	125	0.25	2 days, 1:04:05	12	22422	1	
0.001	125	0.25	29 days, 15:44:24	0	32879	0	
0.001	125	0.25	384 days, 0:17:31	20	2676	1	
0.001	125	0.25	498 days, 19:26:31	0	32879	0	
0.001	125	0.25	29 days, 23:26:28	1	32879	0	
0.001	125	0.25	1 day, 11:14:51	19	15415	1	
0.001	125	0.25	1 day, 23:47:52	0	32879	0	
0.001	125	0.25	498 days, 19:26:31	0	32879	0	
0.001	125	0.25	498 days, 19:26:31	0	32879	0	
0.001	125	0.25	12 days, 15:09:23	0	32879	0	
0.001	125	0.25	1 day, 0:53:17	22	32511	1	
0.001	125	0.25	1 day, 2:56:11	12	2340	1	
0.001	125	0.25	15 days, 22:10:23	24	19953	1	
0.001	125	0.25	1 day, 23:48:45	0	32879	0	
0.001	125	0.25	20:48:03	9	18574	1	
0.001	125	0.25	30 days, 22:41:02	0	32879	0	
0.001	125	0.25	498 days, 19:26:31	0	32879	0	
0.001	125	0.25	22:52:17	17	23043	1	
0.001	125	0.25	1 day, 23:48:14	0	32879	0	
0.001	125	0.25	8:12:35	12	4691	1	
0.001	125	0.25	29 days, 0:09:37	0	32879	0	
0.001	125	0.25	1 day, 0:53:39	23	32511	1	
0.001	125	0.25	17 days, 22:54:09	0	32879	0	
0.001	125	0.25	3 days, 19:54:12	12	26002	1	
0.001	125	0.25	2 days, 3:39:16	14	7072	1	
0.001	125	0.25	498 days, 19:26:31	0	32879	0	
0.001	125	0.25	293 days, 1:08:30	0	32879	0	
0.001	125	0.25	498 days, 19:26:31	0	32879	0	
0.001	125	0.25	1 day, 23:48:10	0	32879	0	
0.001	125	0.25	8 days, 18:48:49	28	9876	1	
0.001	125	0.25	9 days, 20:47:13	13	17337	1	
0.001	125	0.25	1 day, 23:48:43	0	32879	0	
0.001	125	0.25	28 days, 15:37:04	0	32879	0	
0.001	125	0.25	65 days, 16:01:36	17	1970	1	
0.001	125	0.25	25 days, 23:54:14	0	32879	0	
0.001	125	0.25	13 days, 21:01:16	0	32879	0	
0.001	125	0.25	20 days, 3:50:58	0	32879	0	
0.001	125	0.25	322 days, 21:19:57	0	32879	0	
0.001	125	0.25	267 days, 19:38:12	1	32879	0	
0.001	125	0.25	7 days, 19:35:13	24	13861	1	
0.001	125	0.25	1 day, 23:48:11	0	32879	0	
0.001	125	0.25	498 days, 19:26:31	0	32879	0	
0.001	125	0.25	3 days, 22:53:07	7	6546	1	
0.001	125	0.25	464 days, 13:55:47	63	1568	1	
0.001	125	0.25	498 days, 19:26:31	0	32879	0	
0.001	125	0.25	27 days, 1:49:04	4	32879	0	
0.001	125	0.25	4 days, 1:13:55	11	16717	1	
0.001	125	0.25	5 days, 8:56:12	0	32879	0	
0.001	125	0.25	173 days, 6:17:35	0	32879	0	
0.001	125	0.25	498 days, 19:26:31	0	32879	0	
0.001	125	0.25	2 days, 2:53:24	31	20390	1	
0.001	125	0.25	3:50:26	18	32055	1	
0.001	125	0.25	3 days, 16:15:02	0	32879	0	
0.001	125	0.25	87 days, 14:22:06	1	32879	0	
0.001	125	0.25	2 days, 14:02:10	13	9176	1	
0.001	125	0.25	5 days, 12:30:58	10	10308	1	
0.001	125	0.25	6 days, 22:06:14	9	12083	1	
0.001	125	0.25	3 days, 20:43:53	26	7756	1	
0.001	125	0.25	250 days, 4:40:25	0	32879	0	
0.001	125	0.25	6 days, 20:30:15	13	13687	1	
0.001	125	0.25	20 days, 19:17:01	17	24181	1	
0.001	125	0.25	14 days, 11:56:19	28	19470	1	
0.001	125	0.25	1 day, 23:48:10	0	32879	0	
0.001	125	0.25	498 days, 19:26:31	0	32879	0	
0.001	125	0.25	7 days, 15:48:41	26	10515	1	
0.001	125	0.25	18 days, 18:59:24	0	32879	0	
0.001	125	0.25	18:19:54	20	32248	1	
0.001	125	0.25	5 days, 19:04:11	0	32879	0	
0.001	125	0.25	14 days, 11:56:19	24	19471	1	
0.001	125	0.25	498 days, 19:26:31	0	32879	0	
0.001	125	0.25	19 days, 21:33:02	0	32879	0	
0.001	125	0.25	13 days, 21:40:48	0	32879	0	
0.001	125	0.25	498 days, 19:26:31	0	32879	0	
0.001	125	0.25	23 days, 1:00:15	0	32879	0	
0.001	125	0.25	4 days, 21:25:57	1	32879	0	
0.001	125	0.3	19 days, 21:01:32	14	23648	1	
0.001	125	0.3	498 days, 19:26:31	0	32879	0	
0.001	125	0.3	179 days, 15:17:01	0	32879	0	
0.001	125	0.3	498 days, 19:26:31	0	32879	0	
0.001	125	0.3	498 days, 19:26:31	0	32879	0	
0.001	125	0.3	498 days, 19:26:31	0	32879	0	
0.001	125	0.3	2 days, 3:03:29	23	13141	1	
0.001	125	0.3	498 days, 19:26:31	0	32879	0	
0.001	125	0.3	16 days, 0:21:19	0	32879	0	
0.001	125	0.3	498 days, 19:26:31	0	32879	0	
0.001	125	0.3	2 days, 4:13:25	24	20441	1	
0.001	125	0.3	5 days, 16:16:48	0	32879	0	
0.001	125	0.3	215 days, 20:11:49	27	25787	1	
0.001	125	0.3	20 days, 19:56:08	1	32879	0	
0.001	125	0.3	498 days, 19:26:31	0	32879	0	
0.001	125	0.3	1 day, 20:51:02	10	1970	1	
0.001	125	0.3	18:40:53	19	7956	1	
0.001	125	0.3	1 day, 23:48:04	0	32879	0	
0.001	125	0.3	2:13:01	11	2421	1	
0.001	125	0.3	1 day, 23:48:03	0	32879	0	
0.001	125	0.3	401 days, 3:25:37	0	32879	0	
0.001	125	0.3	217 days, 15:34:30	3	32879	0	
0.001	125	0.3	2 days, 1:05:44	10	4434	1	
0.001	125	0.3	498 days, 19:26:31	0	32879	0	
0.001	125	0.3	12 days, 19:13:33	26	25176	1	
0.001	125	0.3	498 days, 19:26:31	0	32879	0	
0.001	125	0.3	17:50:32	13	28706	1	
0.001	125	0.3	498 days, 19:26:31	0	32879	0	
0.001	125	0.3	1 day, 23:48:27	0	32879	0	
0.001	125	0.3	5:32:06	14	4563	1	
0.001	125	0.3	13 days, 13:30:29	31	23947	1	
0.001	125	0.3	20 days, 19:56:08	0	32879	0	
0.001	125	0.3	3 days, 18:02:54	20	10596	1	
0.001	125	0.3	110 days, 0:48:20	0	32879	0	
0.001	125	0.3	8:24:09	15	24321	1	
0.001	125	0.3	29 days, 0:51:25	1	32879	0	
0.001	125	0.3	1 day, 23:48:02	0	32879	0	
0.001	125	0.3	1 day, 20:02:11	18	24019	1	
0.001	125	0.3	2 days, 19:33:45	24	6583	1	
0.001	125	0.3	18:51:31	1	32879	0	
0.001	125	0.3	244 days, 4:05:18	1	32879	0	
0.001	125	0.3	11:21:20	9	32776	1	
0.001	125	0.3	498 days, 19:26:31	0	32879	0	
0.001	125	0.3	5 days, 20:17:09	0	32879	0	
0.001	125	0.3	498 days, 19:26:31	0	32879	0	
0.001	125	0.3	11 days, 10:41:03	21	32364	1	
0.001	125	0.3	7 days, 18:34:56	12	10381	1	
0.001	125	0.3	206 days, 0:48:54	17	1897	1	
0.001	125	0.3	7 days, 5:52:04	12	13008	1	
0.001	125	0.3	1 day, 23:07:03	17	13450	1	
0.001	125	0.3	219 days, 13:52:26	0	32879	0	
0.001	125	0.3	14 days, 20:17:43	24	25285	1	
0.001	125	0.3	20 days, 3:50:58	0	32879	0	
0.001	125	0.3	1 day, 20:00:31	15	2634	1	
0.001	125	0.3	498 days, 19:26:31	0	32879	0	
0.001	125	0.3	26 days, 21:04:25	0	32879	0	
0.001	125	0.3	30 days, 14:06:12	1	32879	0	
0.001	125	0.3	21 days, 10:26:23	0	32879	0	
0.001	125	0.3	17 days, 15:02:03	21	31643	1	
0.001	125	0.3	28 days, 21:43:02	0	32879	0	
0.001	125	0.3	5:19:39	20	7956	1	
0.001	125	0.3	498 days, 19:26:31	0	32879	0	
0.001	125	0.3	4:31:06	13	8153	1	
0.001	125	0.3	218 days, 11:35:38	20	6299	1	
0.001	125	0.3	2 days, 3:12:02	14	2031	1	
0.001	125	0.3	85 days, 7:25:48	24	32765	1	
0.001	125	0.3	4 days, 2:32:05	21	7763	1	
0.001	125	0.3	10 days, 2:21:02	30	16990	1	
0.001	125	0.3	247 days, 1:33:31	0	32879	0	
0.001	125	0.3	18:07:29	13	3754	1	
0.001	125	0.3	3 days, 21:20:00	14	14206	1	
0.001	125	0.3	89 days, 21:15:17	2	32879	0	
0.001	125	0.3	498 days, 19:26:31	0	32879	0	
0.001	125	0.3	20 days, 19:48:27	0	32879	0	
0.001	125	0.3	13 days, 9:39:29	14	18656	1	
0.001	125	0.3	498 days, 19:26:31	0	32879	0	
0.001	125	0.3	1 day, 23:47:52	0	32879	0	
0.001	125	0.3	1 day, 0:23:38	16	5853	1	
0.001	125	0.3	21 days, 20:05:05	0	32879	0	
0.001	125	0.3	28 days, 0:24:14	1	32879	0	
0.001	125	0.3	498 days, 19:26:31	0	32879	0	
0.001	125	0.3	498 days, 19:26:31	0	32879	0	
0.001	125	0.3	22:49:35	20	32414	1	
0.001	125	0.3	2 days, 2:26:04	11	5676	1	
0.001	125	0.3	9 days, 14:14:59	15	14326	1	
0.001	125	0.3	7 days, 2:02:19	0	32879	0	
0.001	125	0.3	1 day, 2:55:34	13	2447	1	
0.001	125	0.3	8 days, 14:24:02	0	32879	0	
0.001	125	0.3	5 days, 16:19:23	0	32879	0	
0.001	125	0.3	29 days, 9:16:38	0	32879	0	
0.001	125	0.3	21:38:22	6	2076	1	
0.001	125	0.3	457 days, 18:32:57	33	2063	1	
0.001	125	0.3	498 days, 19:26:31	0	32879	0	
0.001	125	0.3	22 days, 20:16:09	0	32879	0	
0.001	125	0.3	18 days, 18:04:09	0	32879	0	
0.001	125	0.3	15 days, 12:33:57	25	20684	1	
0.001	125	0.3	22:46:20	25	5501	1	
0.001	125	0.3	5 days, 19:44:41	0	32879	0	
0.001	125	0.3	20 days, 16:37:28	21	32549	1	
0.001	125	0.3	1 day, 3:21:22	23	7223	1	
0.001	125	0.3	1:08:59	19	2720	1	
0.001	125	0.3	498 days, 19:26:31	0	32879	0	
0.001	125	0.3	498 days, 19:26:31	0	32879	0	
0.001	125	0.3	8:35:00	15	3184	1	
0.001	125	0.3	201 days, 16:42:01	12	28369	1	
0.001	125	0.3	498 days, 19:26:31	0	32879	0	
0.001	125	0.3	498 days, 19:26:31	0	32879	0	
0.001	125	0.3	498 days, 19:26:31	0	32879	0	
0.001	125	0.3	2 days, 22:42:16	12	8120	1	
0.001	125	0.3	15 days, 8:59:09	0	32879	0	
0.001	125	0.3	1 day, 21:42:16	11	32879	0	
0.001	125	0.3	10 days, 23:16:15	25	32311	1	
0.001	125	0.3	1 day, 23:48:15	0	32879	0	
0.001	125	0.3	19 days, 2:16:04	0	32879	0	
0.001	125	0.3	498 days, 19:26:31	0	32879	0	
0.001	125	0.3	28 days, 19:56:43	0	32879	0	
0.001	125	0.3	7:31:03	11	3137	1	
0.001	125	0.3	15 days, 0:26:40	15	19820	1	
0.001	125	0.3	28 days, 17:27:42	22	32511	1	
0.001	125	0.3	1 day, 11:10:13	22	5996	1	
0.001	125	0.3	498 days, 19:26:31	0	32879	0	
0.001	125	0.3	29 days, 20:43:36	0	32879	0	
0.001	125	0.3	1 day, 16:44:36	0	32879	0	
0.001	125	0.3	498 days, 19:26:31	0	32879	0	
0.001	125	0.3	1 day, 23:47:58	0	32879	0	
0.001	125	0.3	1:51:11	7	26118	1	
0.001	125	0.3	1 day, 18:16:05	14	2069	1	
0.001	125	0.3	498 days, 19:26:31	0	32879	0	
0.001	125	0.3	18 days, 16:02:01	0	32879	0	
0.001	125	0.3	85 days, 15:10:53	0	32879	0	
0.001	125	0.3	19 days, 19:11:12	20	32364	1	
0.001	125	0.3	4 days, 13:58:03	17	8885	1	
0.001	125	0.3	2 days, 22:58:17	17	17550	1	
0.001	125	0.3	498 days, 19:26:31	0	32879	0	
0.001	125	0.3	2 days, 15:20:48	11	9383	1	
0.001	125	0.3	28 days, 20:48:23	24	32387	1	
0.001	125	0.3	23:06:08	11	2071	1	
0.001	125	0.3	498 days, 19:26:31	0	32879	0	
0.001	125	0.3	25 days, 18:31:29	0	32879	0	
0.001	125	0.3	498 days, 19:26:31	0	32879	0	
0.001	125	0.3	6 days, 21:42:47	0	32879	0	
0.001	125	0.3	225 days, 1:57:20	0	32879	0	
0.001	125	0.3	4 days, 13:37:50	12	30938	1	
0.001	125	0.3	1 day, 3:47:30	11	2592	1	
0.001	125	0.3	6 days, 4:32:38	26	20459	1	
0.001	125	0.3	19 days, 20:17:30	0	32879	0	
0.001	125	0.3	20 days, 14:55:01	0	32879	0	
0.001	125	0.3	25 days, 9:39:28	0	32879	0	
0.001	125	0.3	30 days, 9:19:00	0	32879	0	
0.001	125	0.3	2 days, 19:24:54	18	9081	1	
0.001	125	0.3	1 day, 23:48:23	0	32879	0	
0.001	125	0.3	1 day, 11:50:14	14	4707	1	
0.001	125	0.3	498 days, 19:26:31	0	32879	0	
0.001	125	0.3	26 days, 1:55:09	0	32879	0	
0.001	125	0.3	1 day, 23:48:10	0	32879	0	
0.001	125	0.3	11 days, 7:57:23	25	18152	1	
0.001	125	0.3	498 days, 19:26:31	0	32879	0	
0.001	125	0.3	498 days, 19:26:31	0	32879	0	
0.001	125	0.3	191 days, 5:28:41	42	1629	1	
0.001	125	0.3	28 days, 0:51:01	0	32879	0	
0.001	125	0.3	6 days, 19:14:31	18	9211	1	
0.001	125	0.3	12 days, 18:13:45	0	32879	0	
0.001	125	0.3	5 days, 1:01:06	15	6157	1	
0.001	125	0.3	3 days, 3:06:48	24	7723	1	
0.001	125	0.3	23 days, 4:37:58	0	32879	0	
0.001	125	0.3	25 days, 19:09:49	0	32879	0	
0.001	125	0.3	1 day, 20:10:26	16	5333	1	
0.001	125	0.3	28 days, 3:36:44	26	32664	1	
0.001	125	0.3	22:46:19	22	4142	1	
0.001	125	0.3	18:02:04	13	20684	1	
0.001	125	0.3	1:54:31	16	2876	1	
0.001	125	0.3	1 day, 19:28:31	29	23906	1	
0.001	125	0.3	498 days, 19:26:31	0	32879	0	
0.001	125	0.3	498 days, 19:26:31	0	32879	0	
0.001	125	0.3	15 days, 1:05:08	0	32879	0	
0.001	125	0.3	8 days, 18:20:14	1	32879	0	
0.001	125	0.3	1 day, 1:03:29	22	32519	1	
0.001	125	0.3	76 days, 23:39:12	23	3186	1	
0.001	125	0.3	1:46:47	13	2260	1	
0.001	125	0.3	6 days, 6:01:43	13	10829	1	
0.001	125	0.3	3 days, 1:53:05	0	32879	0	
0.001	125	0.3	1 day, 23:47:52	0	32879	0	
0.001	125	0.3	1 day, 23:47:52	0	32879	0	
0.001	125	0.3	21 days, 21:47:40	0	32879	0	
0.001	125	0.3	6:40:59	23	3177	1	
0.001	125	0.3	16:04:57	17	15013	1	
0.001	125	0.3	498 days, 19:26:31	0	32879	0	
0.001	125	0.3	31 days, 22:37:55	1	32879	0	
0.001	125	0.3	27 days, 20:02:58	0	32879	0	
0.001	125	0.3	1 day, 21:42:36	11	2076	1	
0.001	125	0.3	3:45:02	9	2475	1	
0.001	125	0.3	1 day, 14:08:43	20	31948	1	
0.001	125	0.3	1 day, 23:48:45	0	32879	0	
0.001	125	0.3	498 days, 19:26:31	0	32879	0	
0.001	125	0.3	1 day, 3:37:14	12	2444	1	
0.001	125	0.3	1 day, 23:47:12	0	32879	0	
0.001	125	0.3	16:11:03	29	28218	1	
0.001	125	0.3	7 days, 23:06:58	17	10921	1	
0.001	125	0.3	1 day, 1:03:54	19	32519	1	
0.001	125	0.3	25 days, 18:31:29	0	32879	0	
0.001	125	0.35	9:26:56	14	4732	1	
0.001	125	0.35	27 days, 4:05:41	21	32054	1	
0.001	125	0.35	498 days, 19:26:31	0	32879	0	
0.001	125	0.35	16:12:55	13	3958	1	
0.001	125	0.35	8 days, 21:00:29	0	32879	0	
0.001	125	0.35	498 days, 19:26:31	0	32879	0	
0.001	125	0.35	2 days, 1:27:30	15	2483	1	
0.001	125	0.35	2 days, 18:30:01	16	23799	1	
0.001	125	0.35	498 days, 19:26:31	0	32879	0	
0.001	125	0.35	128 days, 5:27:01	23	32519	1	
0.001	125	0.35	22:14:12	26	28185	1	
0.001	125	0.35	498 days, 19:26:31	0	32879	0	
0.001	125	0.35	498 days, 19:26:31	0	32879	0	
0.001	125	0.35	183 days, 23:50:15	1	32879	0	
0.001	125	0.35	20 days, 6:56:18	10	24297	1	
0.001	125	0.35	7 days, 23:30:51	0	32879	0	
0.001	125	0.35	9:26:16	1	32879	0	
0.001	125	0.35	1 day, 0:30:11	15	20713	1	
0.001	125	0.35	28 days, 21:56:13	0	32879	0	
0.001	125	0.35	12 days, 22:19:03	28	17139	1	
0.001	125	0.35	63 days, 3:11:03	1	32879	0	
0.001	125	0.35	498 days, 19:26:31	0	32879	0	
0.001	125	0.35	13 days, 15:40:17	0	32879	0	
0.001	125	0.35	2 days, 16:45:31	21	17152	1	
0.001	125	0.35	11 days, 20:09:41	10	17820	1	
0.001	125	0.35	207 days, 19:15:42	0	32879	0	
0.001	125	0.35	21 days, 21:47:40	0	32879	0	
0.001	125	0.35	19 days, 22:45:29	0	32879	0	
0.001	125	0.35	285 days, 4:11:08	1	32879	0	
0.001	125	0.35	6 days, 20:25:17	0	32879	0	
0.001	125	0.35	19 days, 13:51:58	0	32879	0	
0.001	125	0.35	1 day, 23:47:32	0	32879	0	
0.001	125	0.35	1 day, 7:40:06	19	7242	1	
0.001	125	0.35	347 days, 21:52:47	18	3958	1	
0.001	125	0.35	2 days, 14:24:21	26	7755	1	
0.001	125	0.35	498 days, 19:26:31	0	32879	0	
0.001	125	0.35	13 days, 10:58:33	12	21554	1	
0.001	125	0.35	26 days, 19:08:51	1	32879	0	
0.001	125	0.35	3:34:03	13	18630	1	
0.001	125	0.35	208 days, 3:05:08	16	10680	1	
0.001	125	0.35	4:15:14	17	4434	1	
0.001	125	0.35	9:26:16	0	32879	0	
0.001	125	0.35	13 days, 11:47:01	27	19405	1	
0.001	125	0.35	498 days, 19:26:31	0	32879	0	
0.001	125	0.35	3 days, 14:16:02	26	18141	1	
0.001	125	0.35	464 days, 13:55:47	86	1568	1	
0.001	125	0.35	413 days, 0:32:14	14	4705	1	
0.001	125	0.35	5 days, 8:56:12	1	32879	0	
0.001	125	0.35	179 days, 15:17:01	0	32879	0	
0.001	125	0.35	498 days, 19:26:31	0	32879	0	
0.001	125	0.35	498 days, 19:26:31	0	32879	0	
0.001	125	0.35	390 days, 3:10:20	14	2911	1	
0.001	125	0.35	216 days, 20:24:52	2	32879	0	
0.001	125	0.35	4 days, 22:43:14	16	9650	1	
0.001	125	0.35	4:53:58	12	8153	1	
0.001	125	0.35	28 days, 19:04:11	0	32879	0	
0.001	125	0.35	20:11:14	14	2074	1	
0.001	125	0.35	3 days, 10:29:59	30	7756	1	
0.001	125	0.35	200 days, 17:13:19	18	8886	1	
0.001	125	0.35	498 days, 19:26:31	0	32879	0	
0.001	125	0.35	19:48:35	22	13662	1	
0.001	125	0.35	498 days, 19:26:31	0	32879	0	
0.001	125	0.35	8 days, 23:55:55	0	32879	0	
0.001	125	0.35	10:25:56	18	12402	1	
0.001	125	0.35	21 days, 1:10:53	10	24011	1	
0.001	125	0.35	498 days, 19:26:31	0	32879	0	
0.001	125	0.35	15 days, 1:05:08	0	32879	0	
0.001	125	0.35	19:44:31	15	7837	1	
0.001	125	0.35	498 days, 19:26:31	0	32879	0	
0.001	125	0.35	1 day, 21:59:55	33	4978	1	
0.001	125	0.35	1:25:55	18	7117	1	
0.001	125	0.35	29 days, 16:22:36	1	32879	0	
0.001	125	0.35	293 days, 1:08:30	1	32879	0	
0.001	125	0.35	132 days, 3:29:13	18	3139	1	
0.001	125	0.35	5 days, 9:52:07	0	32879	0	
0.001	125	0.35	13 days, 23:32:10	48	27683	1	
0.001	125	0.35	498 days, 19:26:31	0	32879	0	
0.001	125	0.35	25 days, 18:30:27	0	32879	0	
0.001	125	0.35	6 days, 16:52:59	0	32879	0	
0.001	125	0.35	7 days, 19:44:17	13	24688	1	
0.001	125	0.35	1 day, 4:18:32	20	30725	1	
0.001	125	0.35	498 days, 19:26:31	0	32879	0	
0.001	125	0.35	262 days, 19:20:33	21	3882	1	
0.001	125	0.35	1 day, 22:22:14	34	19405	1	
0.001	125	0.35	24 days, 1:46:12	1	32879	0	
0.001	125	0.35	2 days, 5:08:21	10	7980	1	
0.001	125	0.35	1 day, 23:47:50	0	32879	0	
0.001	125	0.35	498 days, 19:26:31	0	32879	0	
0.001	125	0.35	7 days, 15:35:55	24	13450	1	
0.001	125	0.35	7 days, 11:24:38	0	32879	0	
0.001	125	0.35	498 days, 19:26:31	0	32879	0	
0.001	125	0.35	19 days, 2:16:04	0	32879	0	
0.001	125	0.35	20 days, 18:57:04	0	32879	0	
0.001	125	0.35	26 days, 6:16:24	2	32879	0	
0.001	125	0.35	30 days, 1:42:03	1	32879	0	
0.001	125	0.35	1 day, 5:35:39	17	4050	1	
0.001	125	0.35	8 days, 3:48:22	16	14744	1	
0.001	125	0.35	2 days, 11:16:43	12	24298	1	
0.001	125	0.35	9 days, 18:19:39	1	32879	0	
0.001	125	0.35	2 days, 15:36:11	8	13953	1	
0.001	125	0.35	10 days, 14:31:00	18	18479	1	
0.001	125	0.35	1 day, 21:57:35	25	5551	1	
0.001	125	0.35	2 days, 6:21:06	15	2637	1	
0.001	125	0.35	4:35:25	15	2830	1	
0.001	125	0.35	2 days, 22:02:14	14	6973	1	
0.001	125	0.35	498 days, 19:26:31	0	32879	0	
0.001	125	0.35	498 days, 19:26:31	0	32879	0	
0.001	125	0.35	183 days, 0:54:45	12	16088	1	
0.001	125	0.35	29 days, 21:38:29	1	32879	0	
0.001	125	0.35	498 days, 19:26:31	0	32879	0	
0.001	125	0.35	8 days, 17:15:54	25	12196	1	
0.001	125	0.35	1 day, 19:13:37	8	2077	1	
0.001	125	0.35	29 days, 16:41:32	0	32879	0	
0.001	125	0.35	5 days, 4:09:04	3	32879	0	
0.001	125	0.35	498 days, 19:26:31	0	32879	0	
0.001	125	0.35	2 days, 21:18:24	21	31302	1	
0.001	125	0.35	1 day, 23:48:06	0	32879	0	
0.001	125	0.35	498 days, 19:26:31	0	32879	0	
0.001	125	0.35	87 days, 14:22:06	3	32879	0	
0.001	125	0.35	27 days, 16:21:02	3	32879	0	
0.001	125	0.35	1 day, 19:39:14	25	7757	1	
0.001	125	0.35	8 days, 21:20:54	1	32879	0	
0.001	125	0.35	86 days, 0:12:51	1	32879	0	
0.001	125	0.35	1 day, 16:44:42	1	32879	0	
0.001	125	0.35	20 days, 7:35:07	17	23033	1	
0.001	125	0.35	188 days, 20:47:03	2	32879	0	
0.001	125	0.35	498 days, 19:26:31	0	32879	0	
0.001	125	0.35	1 day, 23:47:28	0	32879	0	
0.001	125	0.35	15 days, 19:35:36	15	19674	1	
0.001	125	0.35	16:37:15	25	7939	1	
0.001	125	0.35	13 days, 1:32:20	16	32045	1	
0.001	125	0.35	20 days, 0:36:20	0	32879	0	
0.001	125	0.35	1 day, 11:46:03	13	6404	1	
0.001	125	0.35	26 days, 22:08:39	0	32879	0	
0.001	125	0.35	8 days, 16:18:56	19	28671	1	
0.001	125	0.35	498 days, 19:26:31	0	32879	0	
0.001	125	0.35	15 days, 5:23:15	0	32879	0	
0.001	125	0.35	2:12:35	19	2997	1	
0.001	125	0.35	498 days, 19:26:31	0	32879	0	
0.001	125	0.35	4:28:58	9	8101	1	
0.001	125	0.35	3 days, 10:51:21	21	18151	1	
0.001	125	0.35	1 day, 16:46:44	1	32879	0	
0.001	125	0.35	498 days, 19:26:31	0	32879	0	
0.001	125	0.35	498 days, 19:26:31	0	32879	0	
0.001	125	0.35	22:46:20	23	5500	1	
0.001	125	0.35	498 days, 19:26:31	0	32879	0	
0.001	125	0.35	57 days, 21:40:16	0	32879	0	
0.001	125	0.35	6 days, 3:06:09	0	32879	0	
0.001	125	0.35	19:32:55	10	29108	1	
0.001	125	0.35	498 days, 19:26:31	0	32879	0	
0.001	125	0.35	1 day, 9:27:53	22	19115	1	
0.001	125	0.35	2 days, 17:05:43	12	3818	1	
0.001	125	0.35	201 days, 19:50:29	1	32879	0	
0.001	125	0.35	11 days, 21:14:14	0	32879	0	
0.001	125	0.35	498 days, 19:26:31	0	32879	0	
0.001	125	0.35	2 days, 14:57:52	0	32879	0	
0.001	125	0.35	7 days, 6:21:03	15	9697	1	
0.001	125	0.35	6 days, 13:45:08	0	32879	0	
0.001	125	0.35	498 days, 19:26:31	0	32879	0	
0.001	125	0.35	1 day, 3:50:28	21	6259	1	
0.001	125	0.35	27 days, 1:49:04	3	32879	0	
0.001	125	0.35	217 days, 20:25:00	22	5825	1	
0.001	125	0.35	498 days, 19:26:31	0	32879	0	
0.001	125	0.35	28 days, 9:53:34	31	32761	1	
0.001	125	0.35	6 days, 20:25:57	1	32879	0	
0.001	125	0.35	3 days, 4:54:51	30	5421	1	
0.001	125	0.35	13 days, 3:28:20	0	32879	0	
0.001	125	0.35	5 days, 20:17:01	26	12961	1	
0.001	125	0.35	293 days, 20:11:46	1	32879	0	
0.001	125	0.35	498 days, 19:26:31	0	32879	0	
0.001	125	0.35	1 day, 17:25:28	13	29145	1	
0.001	125	0.35	179 days, 15:17:01	0	32879	0	
0.001	125	0.35	1 day, 23:13:34	14	5736	1	
0.001	125	0.35	498 days, 19:26:31	0	32879	0	
0.001	125	0.35	7 days, 9:13:54	14	11863	1	
0.001	125	0.35	16:27:09	21	15254	1	
0.001	125	0.35	22:08:08	27	5515	1	
0.001	125	0.35	1 day, 23:46:52	0	32879	0	
0.001	125	0.35	28 days, 19:30:31	0	32879	0	
0.001	125	0.35	498 days, 19:26:31	0	32879	0	
0.001	125	0.35	2:17:02	12	27763	1	
0.001	125	0.35	148 days, 19:23:09	0	32879	0	
0.001	125	0.35	498 days, 19:26:31	0	32879	0	
0.001	125	0.35	1 day, 22:23:11	14	2027	1	
0.001	125	0.35	21:16:14	13	19690	1	
0.001	125	0.35	2:46:50	6	24267	1	
0.001	125	0.35	1 day, 3:38:01	14	5665	1	
0.001	125	0.35	27 days, 23:17:48	0	32879	0	
0.001	125	0.35	10:12:24	14	3228	1	
0.001	125	0.35	2 days, 17:31:19	12	20738	1	
0.001	125	0.35	14:57:35	1	32879	0	
0.001	125	0.35	28 days, 22:20:00	0	32879	0	
0.001	125	0.35	498 days, 19:26:31	0	32879	0	
0.001	125	0.35	17:24:33	23	22458	1	
0.001	125	0.35	1 day, 12:21:07	30	7755	1	
0.001	125	0.35	6 days, 20:25:57	1	32879	0	
0.001	125	0.35	1 day, 1:14:52	23	6973	1	
0.001	125	0.35	25 days, 9:39:28	0	32879	0	
0.001	125	0.35	1 day, 0:34:33	13	18948	1	
0.001	125	0.35	225 days, 1:57:20	0	32879	0	
0.001	125	0.4	16:07:35	16	28084	1	
0.001	125	0.4	498 days, 19:26:31	0	32879	0	
0.001	125	0.4	486 days, 11:23:55	0	32879	0	
0.001	125	0.4	1 day, 23:47:57	0	32879	0	
0.001	125	0.4	22 days, 17:24:55	0	32879	0	
0.001	125	0.4	2 days, 11:21:23	15	8885	1	
0.001	125	0.4	7 days, 1:47:59	13	10675	1	
0.001	125	0.4	19:28:29	21	11655	1	
0.001	125	0.4	1 day, 14:21:39	1	32879	0	
0.001	125	0.4	498 days, 19:26:31	0	32879	0	
0.001	125	0.4	13:53:05	16	3598	1	
0.001	125	0.4	27 days, 21:11:18	0	32879	0	
0.001	125	0.4	7 days, 0:21:17	1	32879	0	
0.001	125	0.4	128 days, 5:38:51	0	32879	0	
0.001	125	0.4	14 days, 3:32:25	29	32039	1	
0.001	125	0.4	498 days, 19:26:31	0	32879	0	
0.001	125	0.4	11 days, 1:02:47	33	16305	1	
0.001	125	0.4	498 days, 19:26:31	0	32879	0	
0.001	125	0.4	128 days, 5:38:51	0	32879	0	
0.001	125	0.4	3 days, 16:15:02	0	32879	0	
0.001	125	0.4	1 day, 16:27:14	0	32879	0	
0.001	125	0.4	1 day, 16:18:40	26	22156	1	
0.001	125	0.4	498 days, 19:26:31	0	32879	0	
0.001	125	0.4	498 days, 19:26:31	0	32879	0	
0.001	125	0.4	18 days, 16:34:07	0	32879	0	
0.001	125	0.4	27 days, 1:49:04	3	32879	0	
0.001	125	0.4	498 days, 19:26:31	0	32879	0	
0.001	125	0.4	5 days, 23:26:58	0	32879	0	
0.001	125	0.4	282 days, 21:01:04	27	23889	1	
0.001	125	0.4	17 days, 22:25:53	24	32414	1	
0.001	125	0.4	498 days, 19:26:31	0	32879	0	
0.001	125	0.4	3 days, 0:49:13	29	23889	1	
0.001	125	0.4	175 days, 17:15:17	1	32879	0	
0.001	125	0.4	2:18:05	19	2657	1	
0.001	125	0.4	498 days, 19:26:31	0	32879	0	
0.001	125	0.4	4:39:15	15	4706	1	
0.001	125	0.4	498 days, 19:26:31	0	32879	0	
0.001	125	0.4	498 days, 19:26:31	0	32879	0	
0.001	125	0.4	6 days, 19:26:38	0	32879	0	
0.001	125	0.4	498 days, 19:26:31	0	32879	0	
0.001	125	0.4	105 days, 2:41:27	21	5313	1	
0.001	125	0.4	2 days, 23:27:16	27	12961	1	
0.001	125	0.4	11:48:56	14	3851	1	
0.001	125	0.4	10 days, 20:01:03	31	23671	1	
0.001	125	0.4	11:12:55	14	6431	1	
0.001	125	0.4	498 days, 19:26:31	0	32879	0	
0.001	125	0.4	209 days, 14:22:18	17	2261	1	
0.001	125	0.4	383 days, 23:32:31	24	2544	1	
0.001	125	0.4	27 days, 13:23:22	0	32879	0	
0.001	125	0.4	1 day, 23:48:33	0	32879	0	
0.001	125	0.4	1 day, 12:23:53	15	6451	1	
0.001	125	0.4	498 days, 19:26:31	0	32879	0	
0.001	125	0.4	498 days, 19:26:31	0	32879	0	
0.001	125	0.4	14 days, 21:48:34	0	32879	0	
0.001	125	0.4	498 days, 19:26:31	0	32879	0	
0.001	125	0.4	16 days, 0:21:19	0	32879	0	
0.001	125	0.4	16:48:00	14	3794	1	
0.001	125	0.4	7:40:18	17	22643	1	
0.001	125	0.4	2 days, 8:09:05	20	23500	1	
0.001	125	0.4	300 days, 19:36:24	38	606	1	
0.001	125	0.4	28 days, 19:18:41	0	32879	0	
0.001	125	0.4	2 days, 19:32:56	31	16307	1	
0.001	125	0.4	28 days, 19:30:31	1	32879	0	
0.001	125	0.4	19:54:35	26	2678	1	
0.001	125	0.4	4:33:28	16	2752	1	
0.001	125	0.4	18:14:21	17	5670	1	
0.001	125	0.4	11 days, 20:20:39	18	32044	1	
0.001	125	0.4	498 days, 19:26:31	0	32879	0	
0.001	125	0.4	188 days, 16:01:30	0	32879	0	
0.001	125	0.4	3 days, 17:33:16	22	18529	1	
0.001	125	0.4	1 day, 11:08:13	14	9200	1	
0.001	125	0.4	498 days, 19:26:31	0	32879	0	
0.001	125	0.4	17:45:32	23	21182	1	
0.001	125	0.4	498 days, 19:26:31	0	32879	0	
0.001	125	0.4	6:06:50	20	2758	1	
0.001	125	0.4	30 days, 1:42:03	0	32879	0	
0.001	125	0.4	498 days, 19:26:31	0	32879	0	
0.001	125	0.4	3 days, 20:05:00	21	32390	1	
0.001	125	0.4	15 days, 16:00:02	19	21727	1	
0.001	125	0.4	3 days, 6:28:16	12	6739	1	
0.001	125	0.4	2 days, 3:22:51	3	32879	0	
0.001	125	0.4	156 days, 18:41:01	20	22458	1	
0.001	125	0.4	498 days, 19:26:31	0	32879	0	
0.001	125	0.4	498 days, 19:26:31	0	32879	0	
0.001	125	0.4	28 days, 15:24:10	1	32879	0	
0.001	125	0.4	6 days, 14:47:38	45	16913	1	
0.001	125	0.4	9 days, 18:19:39	1	32879	0	
0.001	125	0.4	22 days, 19:11:42	0	32879	0	
0.001	125	0.4	14 days, 17:56:35	0	32879	0	
0.001	125	0.4	2 days, 13:59:19	19	16863	1	
0.001	125	0.4	11 days, 12:39:35	21	19434	1	
0.001	125	0.4	498 days, 19:26:31	0	32879	0	
0.001	125	0.4	1 day, 1:44:04	0	32879	0	
0.001	125	0.4	498 days, 19:26:31	0	32879	0	
0.001	125	0.4	1 day, 15:06:33	25	15689	1	
0.001	125	0.4	498 days, 19:26:31	0	32879	0	
0.001	125	0.4	498 days, 19:26:31	0	32879	0	
0.001	125	0.4	1 day, 13:21:41	20	4734	1	
0.001	125	0.4	2 days, 14:57:52	0	32879	0	
0.001	125	0.4	1 day, 23:48:10	0	32879	0	
0.001	125	0.4	498 days, 19:26:31	0	32879	0	
0.001	125	0.4	1 day, 23:47:01	0	32879	0	
0.001	125	0.4	498 days, 19:26:31	0	32879	0	
0.001	125	0.4	28 days, 14:16:46	0	32879	0	
0.001	125	0.4	18 days, 18:04:09	0	32879	0	
0.001	125	0.4	15 days, 19:30:00	0	32879	0	
0.001	125	0.4	2 days, 18:59:36	17	6983	1	
0.001	125	0.4	1 day, 1:44:04	7	32879	0	
0.001	125	0.4	1 day, 23:48:43	0	32879	0	
0.001	125	0.4	2 days, 4:09:19	18	7117	1	
0.001	125	0.4	3:45:17	27	32055	1	
0.001	125	0.4	498 days, 19:26:31	0	32879	0	
0.001	125	0.4	2 days, 3:44:39	16	15974	1	
0.001	125	0.4	5 days, 21:54:57	0	32879	0	
0.001	125	0.4	1 day, 23:47:18	0	32879	0	
0.001	125	0.4	4 days, 16:09:37	39	16913	1	
0.001	125	0.4	5 days, 16:19:23	0	32879	0	
0.001	125	0.4	498 days, 19:26:31	0	32879	0	
0.001	125	0.4	2 days, 19:03:53	23	7771	1	
0.001	125	0.4	27 days, 21:24:44	0	32879	0	
0.001	125	0.4	3:49:22	22	32055	1	
0.001	125	0.4	5:48:38	22	2720	1	
0.001	125	0.4	1 day, 23:47:52	0	32879	0	
0.001	125	0.4	6 days, 18:58:02	22	10892	1	
0.001	125	0.4	6 days, 16:52:59	0	32879	0	
0.001	125	0.4	26 days, 23:02:10	0	32879	0	
0.001	125	0.4	25 days, 19:09:49	0	32879	0	
0.001	125	0.4	3:50:07	27	32055	1	
0.001	125	0.4	26 days, 7:38:41	0	32879	0	
0.001	125	0.4	7 days, 23:30:51	0	32879	0	
0.001	125	0.4	23 days, 20:44:56	1	32879	0	
0.001	125	0.4	2 days, 14:24:21	21	7755	1	
0.001	125	0.4	155 days, 17:22:50	20	4825	1	
0.001	125	0.4	20 days, 18:57:04	0	32879	0	
0.001	125	0.4	2 days, 19:25:09	32	7755	1	
0.001	125	0.4	20:26:18	14	3439	1	
0.001	125	0.4	498 days, 19:26:31	0	32879	0	
0.001	125	0.4	8 days, 22:17:04	0	32879	0	
0.001	125	0.4	498 days, 19:26:31	0	32879	0	
0.001	125	0.4	1 day, 23:48:11	0	32879	0	
0.001	125	0.4	7:17:55	18	4266	1	
0.001	125	0.4	2 days, 7:05:24	14	2483	1	
0.001	125	0.4	498 days, 19:26:31	0	32879	0	
0.001	125	0.4	1 day, 20:41:03	15	1971	1	
0.001	125	0.4	14 days, 23:39:19	22	18556	1	
0.001	125	0.4	498 days, 19:26:31	0	32879	0	
0.001	125	0.4	2:23:47	14	3087	1	
0.001	125	0.4	180 days, 22:37:36	22	6914	1	
0.001	125	0.4	15 days, 12:30:47	0	32879	0	
0.001	125	0.4	1 day, 4:09:31	22	22944	1	
0.001	125	0.4	22 days, 19:33:10	21	27055	1	
0.001	125	0.4	5 days, 20:07:41	0	32879	0	
0.001	125	0.4	11 days, 17:43:48	33	32364	1	
0.001	125	0.4	5 days, 2:28:19	31	25898	1	
0.001	125	0.4	498 days, 19:26:31	0	32879	0	
0.001	125	0.4	1 day, 1:03:00	25	32519	1	
0.001	125	0.4	28 days, 2:11:13	21	32044	1	
0.001	125	0.4	29 days, 18:33:00	0	32879	0	
0.001	125	0.4	498 days, 19:26:31	0	32879	0	
0.001	125	0.4	14:46:58	19	15012	1	
0.001	125	0.4	7 days, 20:12:48	0	32879	0	
0.001	125	0.4	7:23:01	18	31897	1	
0.001	125	0.4	3 days, 22:39:44	30	32244	1	
0.001	125	0.4	26 days, 22:24:44	1	32879	0	
0.001	125	0.4	498 days, 19:26:31	0	32879	0	
0.001	125	0.4	2 days, 23:30:54	26	6898	1	
0.001	125	0.4	498 days, 19:26:31	0	32879	0	
0.001	125	0.4	498 days, 19:26:31	0	32879	0	
0.001	125	0.4	210 days, 20:49:36	0	32879	0	
0.001	125	0.4	3 days, 14:44:06	31	17392	1	
0.001	125	0.4	8 days, 18:20:14	1	32879	0	
0.001	125	0.4	25 days, 21:12:00	0	32879	0	
0.001	125	0.4	498 days, 19:26:31	0	32879	0	
0.001	125	0.4	12 days, 1:47:36	1	32879	0	
0.001	125	0.4	498 days, 19:26:31	0	32879	0	
0.001	125	0.4	1 day, 0:18:32	30	11382	1	
0.001	125	0.4	8 days, 18:43:20	2	32879	0	
0.001	125	0.4	9:34:50	26	3135	1	
0.001	125	0.4	5 days, 1:01:06	24	6158	1	
0.001	125	0.4	498 days, 19:26:31	0	32879	0	
0.001	125	0.4	1 day, 15:05:45	20	22924	1	
0.001	125	0.4	498 days, 19:26:31	0	32879	0	
0.001	125	0.4	498 days, 19:26:31	0	32879	0	
0.001	125	0.4	15:03:42	17	4188	1	
0.001	125	0.4	12 days, 1:56:15	0	32879	0	
0.001	125	0.4	4 days, 4:42:20	8	32879	0	
0.001	125	0.4	2 days, 20:20:40	0	32879	0	
0.001	125	0.4	1 day, 14:51:18	24	15654	1	
0.001	125	0.4	498 days, 19:26:31	0	32879	0	
0.001	125	0.4	18:20:34	28	32248	1	
0.001	125	0.4	498 days, 19:26:31	0	32879	0	
0.001	125	0.4	2:21:37	11	2360	1	
0.001	125	0.4	10:24:35	15	10680	1	
0.001	125	0.4	178 days, 4:18:56	23	2643	1	
0.001	125	0.4	1 day, 1:52:13	1	32879	0	
0.001	125	0.4	322 days, 21:19:57	0	32879	0	
0.001	125	0.4	384 days, 0:17:31	34	2676	1	
0.001	125	0.4	498 days, 19:26:31	0	32879	0	
0.001	125	0.4	7 days, 18:43:01	33	10346	1	
0.001	125	0.4	3 days, 17:48:47	21	7755	1	
0.001	125	0.45	18 days, 16:02:01	0	32879	0	
0.001	125	0.45	1 day, 19:03:22	12	17101	1	
0.001	125	0.45	4:46:16	17	8139	1	
0.001	125	0.45	20:50:09	23	28761	1	
0.001	125	0.45	8 days, 4:11:17	21	13234	1	
0.001	125	0.45	19:27:55	28	18152	1	
0.001	125	0.45	498 days, 19:26:31	0	32879	0	
0.001	125	0.45	498 days, 19:26:31	0	32879	0	
0.001	125	0.45	498 days, 19:26:31	0	32879	0	
0.001	125	0.45	1 day, 20:13:41	19	2881	1	
0.001	125	0.45	18:20:24	27	32248	1	
0.001	125	0.45	498 days, 19:26:31	0	32879	0	
0.001	125	0.45	15:18:07	18	3851	1	
0.001	125	0.45	1 day, 19:28:33	20	2229	1	
0.001	125	0.45	498 days, 19:26:31	0	32879	0	
0.001	125	0.45	22 days, 15:37:34	1	32879	0	
0.001	125	0.45	1 day, 3:26:15	27	22941	1	
0.001	125	0.45	1 day, 14:17:18	22	15562	1	
0.001	125	0.45	6 days, 17:48:14	1	32879	0	
0.001	125	0.45	195 days, 19:03:15	21	3192	1	
0.001	125	0.45	89 days, 21:15:17	0	32879	0	
0.001	125	0.45	20 days, 10:26:03	0	32879	0	
0.001	125	0.45	0:24:53	14	17818	1	
0.001	125	0.45	498 days, 19:26:31	0	32879	0	
0.001	125	0.45	3:49:43	25	32055	1	
0.001	125	0.45	27 days, 19:50:24	37	31265	1	
0.001	125	0.45	178 days, 3:35:55	19	2516	1	
0.001	125	0.45	1:55:46	30	11363	1	
0.001	125	0.45	498 days, 19:26:31	0	32879	0	
0.001	125	0.45	14 days, 13:56:24	0	32879	0	
0.001	125	0.45	498 days, 19:26:31	0	32879	0	
0.001	125	0.45	21 days, 9:43:08	0	32879	0	
0.001	125	0.45	7:08:14	36	31874	1	
0.001	125	0.45	17:33:14	21	6935	1	
0.001	125	0.45	498 days, 19:26:31	0	32879	0	
0.001	125	0.45	26 days, 6:16:24	0	32879	0	
0.001	125	0.45	1 day, 20:47:12	1	32879	0	
0.001	125	0.45	28 days, 21:43:02	0	32879	0	
0.001	125	0.45	1 day, 0:47:30	23	2229	1	
0.001	125	0.45	5:21:23	20	21348	1	
0.001	125	0.45	3 days, 3:45:02	23	23934	1	
0.001	125	0.45	187 days, 23:26:51	0	32879	0	
0.001	125	0.45	498 days, 19:26:31	0	32879	0	
0.001	125	0.45	3:48:45	25	32055	1	
0.001	125	0.45	498 days, 19:26:31	0	32879	0	
0.001	125	0.45	447 days, 6:36:58	25	7697	1	
0.001	125	0.45	6 days, 1:31:49	0	32879	0	
0.001	125	0.45	12:28:30	13	13871	1	
0.001	125	0.45	1 day, 14:43:26	19	30867	1	
0.001	125	0.45	498 days, 19:26:31	0	32879	0	
0.001	125	0.45	5 days, 0:04:19	18	22906	1	
0.001	125	0.45	3:55:33	16	2747	1	
0.001	125	0.45	498 days, 19:26:31	0	32879	0	
0.001	125	0.45	498 days, 19:26:31	0	32879	0	
0.001	125	0.45	498 days, 19:26:31	0	32879	0	
0.001	125	0.45	498 days, 19:26:31	0	32879	0	
0.001	125	0.45	498 days, 19:26:31	0	32879	0	
0.001	125	0.45	22 days, 21:11:34	0	32879	0	
0.001	125	0.45	5:17:18	15	29297	1	
0.001	125	0.45	0:00:00	28	2302	1	
0.001	125	0.45	498 days, 19:26:31	0	32879	0	
0.001	125	0.45	1 day, 21:17:34	13	2018	1	
0.001	125	0.45	498 days, 19:26:31	0	32879	0	
0.001	125	0.45	18 days, 17:35:47	0	32879	0	
0.001	125	0.45	27 days, 18:12:55	30	31216	1	
0.001	125	0.45	498 days, 19:26:31	0	32879	0	
0.001	125	0.45	1 day, 17:10:17	19	5333	1	
0.001	125	0.45	498 days, 19:26:31	0	32879	0	
0.001	125	0.45	498 days, 19:26:31	0	32879	0	
0.001	125	0.45	9:59:57	20	3317	1	
0.001	125	0.45	498 days, 19:26:31	0	32879	0	
0.001	125	0.45	5:02:52	11	2481	1	
0.001	125	0.45	6 days, 20:21:14	0	32879	0	
0.001	125	0.45	1 day, 16:33:21	26	10937	1	
0.001	125	0.45	3 days, 2:33:11	13	22303	1	
0.001	125	0.45	1 day, 23:48:36	0	32879	0	
0.001	125	0.45	18:18:15	18	14204	1	
0.001	125	0.45	498 days, 19:26:31	0	32879	0	
0.001	125	0.45	498 days, 19:26:31	0	32879	0	
0.001	125	0.45	16 days, 2:45:55	0	32879	0	
0.001	125	0.45	498 days, 19:26:31	0	32879	0	
0.001	125	0.45	498 days, 19:26:31	0	32879	0	
0.001	125	0.45	2:26:18	17	17918	1	
0.001	125	0.45	1 day, 19:15:52	28	5080	1	
0.001	125	0.45	22:41:24	27	32403	1	
0.001	125	0.45	498 days, 19:26:31	0	32879	0	
0.001	125	0.45	66 days, 1:55:04	1	32879	0	
0.001	125	0.45	300 days, 19:36:24	44	606	1	
0.001	125	0.45	12 days, 1:47:36	1	32879	0	
0.001	125	0.45	11 days, 22:48:36	29	32364	1	
0.001	125	0.45	24 days, 16:32:26	0	32879	0	
0.001	125	0.45	498 days, 19:26:31	0	32879	0	
0.001	125	0.45	16:23:18	16	3463	1	
0.001	125	0.45	1 day, 1:44:55	30	13424	1	
0.001	125	0.45	1 day, 0:07:09	27	3564	1	
0.001	125	0.45	1 day, 0:18:32	26	11382	1	
0.001	125	0.45	18 days, 23:06:55	21	31234	1	
0.001	125	0.45	179 days, 15:17:01	0	32879	0	
0.001	125	0.45	18:11:41	21	6403	1	
0.001	125	0.45	7 days, 11:24:38	0	32879	0	
0.001	125	0.45	3 days, 5:28:56	18	2940	1	
0.001	125	0.45	200 days, 16:29:01	21	2560	1	
0.001	125	0.45	2 days, 2:29:09	29	31007	1	
0.001	125	0.45	11 days, 17:22:15	18	17654	1	
0.001	125	0.45	498 days, 19:26:31	0	32879	0	
0.001	125	0.45	1 day, 15:56:43	12	16554	1	
0.001	125	0.45	22 days, 21:18:04	0	32879	0	
0.001	125	0.45	19 days, 22:09:20	6	32879	0	
0.001	125	0.45	18:54:45	24	6545	1	
0.001	125	0.45	157 days, 3:40:23	24	6973	1	
0.001	125	0.45	498 days, 19:26:31	0	32879	0	
0.001	125	0.45	18:28:48	29	7939	1	
0.001	125	0.45	10 days, 19:42:35	29	15434	1	
0.001	125	0.45	1 day, 17:35:53	17	3747	1	
0.001	125	0.45	3 days, 1:54:59	22	7238	1	
0.001	125	0.45	5 days, 9:52:07	0	32879	0	
0.001	125	0.45	178 days, 14:25:12	27	32420	1	
0.001	125	0.45	2 days, 11:43:51	21	8864	1	
0.001	125	0.45	498 days, 19:26:31	0	32879	0	
0.001	125	0.45	498 days, 19:26:31	0	32879	0	
0.001	125	0.45	132 days, 14:59:05	39	16913	1	
0.001	125	0.45	1 day, 14:21:39	1	32879	0	
0.001	125	0.45	498 days, 19:26:31	0	32879	0	
0.001	125	0.45	1 day, 20:28:04	20	30454	1	
0.001	125	0.45	2 days, 3:54:24	16	2363	1	
0.001	125	0.45	2:34:10	16	2496	1	
0.001	125	0.45	5 days, 17:40:37	0	32879	0	
0.001	125	0.45	28 days, 19:18:41	0	32879	0	
0.001	125	0.45	22 days, 15:37:34	1	32879	0	
0.001	125	0.45	11 days, 16:53:04	16	15523	1	
0.001	125	0.45	498 days, 19:26:31	0	32879	0	
0.001	125	0.45	2 days, 20:58:38	24	14677	1	
0.001	125	0.45	15:35:15	14	4188	1	
0.001	125	0.45	11 days, 18:41:34	16	26958	1	
0.001	125	0.45	4 days, 0:36:28	19	15548	1	
0.001	125	0.45	1:49:31	16	2335	1	
0.001	125	0.45	498 days, 19:26:31	0	32879	0	
0.001	125	0.45	498 days, 19:26:31	0	32879	0	
0.001	125	0.45	209 days, 16:24:32	0	32879	0	
0.001	125	0.45	4 days, 2:30:31	0	32879	0	
0.001	125	0.45	4:43:03	16	14877	1	
0.001	125	0.45	1 day, 23:48:23	0	32879	0	
0.001	125	0.45	26 days, 3:52:13	1	32879	0	
0.001	125	0.45	498 days, 19:26:31	0	32879	0	
0.001	125	0.45	6:05:49	17	20487	1	
0.001	125	0.45	3 days, 10:15:03	21	8903	1	
0.001	125	0.45	12 days, 22:53:52	49	27167	1	
0.001	125	0.45	498 days, 19:26:31	0	32879	0	
0.001	125	0.45	4:36:28	14	2483	1	
0.001	125	0.45	245 days, 2:06:05	1	32879	0	
0.001	125	0.45	119 days, 0:36:45	18	3171	1	
0.001	125	0.45	192 days, 12:26:16	27	2678	1	
0.001	125	0.45	498 days, 19:26:31	0	32879	0	
0.001	125	0.45	498 days, 19:26:31	0	32879	0	
0.001	125	0.45	498 days, 19:26:31	0	32879	0	
0.001	125	0.45	1 day, 3:34:09	24	3459	1	
0.001	125	0.45	29 days, 12:26:12	2	32879	0	
0.001	125	0.45	20 days, 18:48:56	0	32879	0	
0.001	125	0.45	9 days, 9:57:43	14	14933	1	
0.001	125	0.45	2 days, 0:55:00	24	17705	1	
0.001	125	0.45	498 days, 19:26:31	0	32879	0	
0.001	125	0.45	22:39:23	27	32403	1	
0.001	125	0.45	498 days, 19:26:31	0	32879	0	
0.001	125	0.45	21 days, 19:29:13	0	32879	0	
0.001	125	0.45	1 day, 3:00:35	17	5333	1	
0.001	125	0.45	412 days, 10:45:57	18	3462	1	
0.001	125	0.45	4:27:09	16	4493	1	
0.001	125	0.45	27 days, 20:02:58	2	32879	0	
0.001	125	0.45	29 days, 12:26:12	0	32879	0	
0.001	125	0.45	165 days, 3:21:26	22	3137	1	
0.001	125	0.45	15 days, 22:52:02	0	32879	0	
0.001	125	0.45	6 days, 16:41:06	21	25093	1	
0.001	125	0.45	1:14:16	11	9299	1	
0.001	125	0.45	498 days, 19:26:31	0	32879	0	
0.001	125	0.45	3:50:04	29	32055	1	
0.001	125	0.45	28 days, 23:28:28	0	32879	0	
0.001	125	0.45	498 days, 19:26:31	0	32879	0	
0.001	125	0.45	17 days, 13:26:30	25	30811	1	
0.001	125	0.45	20 days, 21:22:48	0	32879	0	
0.001	125	0.45	1 day, 3:56:22	18	4862	1	
0.001	125	0.45	1 day, 6:12:25	22	7248	1	
0.001	125	0.45	498 days, 19:26:31	0	32879	0	
0.001	125	0.45	2 days, 13:26:28	21	8885	1	
0.001	125	0.45	3 days, 4:01:36	24	6260	1	
0.001	125	0.45	498 days, 19:26:31	0	32879	0	
0.001	125	0.45	2 days, 1:05:34	20	8712	1	
0.001	125	0.45	16:19:59	26	15239	1	
0.001	125	0.45	3:49:43	31	32039	1	
0.001	125	0.45	498 days, 19:26:31	0	32879	0	
0.001	125	0.45	1 day, 16:25:21	17	12180	1	
0.001	125	0.45	25 days, 17:06:15	0	32879	0	
0.001	125	0.45	7 days, 22:52:01	0	32879	0	
0.001	125	0.45	6 days, 21:42:47	0	32879	0	
0.001	125	0.45	1 day, 8:47:09	28	7237	1	
0.001	125	0.45	498 days, 19:26:31	0	32879	0	
0.001	125	0.45	22 days, 17:24:55	0	32879	0	
0.001	125	0.45	17:21:18	18	6899	1	
0.001	125	0.45	498 days, 19:26:31	0	32879	0	
0.001	125	0.45	1 day, 1:44:59	34	32591	1	
0.001	125	0.45	2 days, 22:33:26	20	7020	1	
0.001	125	0.5	498 days, 19:26:31	0	32879	0	
0.001	125	0.5	1 day, 20:40:21	40	16307	1	
0.001	125	0.5	22:31:17	23	3996	1	
0.001	125	0.5	14 days, 0:15:36	0	32879	0	
0.001	125	0.5	14 days, 13:32:10	27	19647	1	
0.001	125	0.5	210 days, 20:49:36	1	32879	0	
0.001	125	0.5	15:38:08	19	3742	1	
0.001	125	0.5	498 days, 19:26:31	0	32879	0	
0.001	125	0.5	21:34:52	18	2836	1	
0.001	125	0.5	206 days, 11:40:13	18	1971	1	
0.001	125	0.5	498 days, 19:26:31	0	32879	0	
0.001	125	0.5	498 days, 19:26:31	0	32879	0	
0.001	125	0.5	498 days, 19:26:31	0	32879	0	
0.001	125	0.5	217 days, 1:36:02	21	2560	1	
0.001	125	0.5	19:29:18	28	25267	1	
0.001	125	0.5	1 day, 16:44:36	0	32879	0	
0.001	125	0.5	4:15:55	19	2592	1	
0.001	125	0.5	5 days, 8:56:12	1	32879	0	
0.001	125	0.5	16 days, 10:52:24	18	29765	1	
0.001	125	0.5	498 days, 19:26:31	0	32879	0	
0.001	125	0.5	20:44:20	26	29864	1	
0.001	125	0.5	2 days, 19:56:31	30	9668	1	
0.001	125	0.5	1:45:33	15	2127	1	
0.001	125	0.5	498 days, 19:26:31	0	32879	0	
0.001	125	0.5	3 days, 14:25:24	45	9608	1	
0.001	125	0.5	2 days, 2:23:59	36	13437	1	
0.001	125	0.5	2 days, 3:40:10	29	23528	1	
0.001	125	0.5	4 days, 18:05:08	0	32879	0	
0.001	125	0.5	498 days, 19:26:31	0	32879	0	
0.001	125	0.5	498 days, 19:26:31	0	32879	0	
0.001	125	0.5	33 days, 20:40:53	1	32879	0	
0.001	125	0.5	22 days, 4:07:02	23	30642	1	
0.001	125	0.5	30 days, 14:06:12	1	32879	0	
0.001	125	0.5	498 days, 19:26:31	0	32879	0	
0.001	125	0.5	29 days, 12:25:54	0	32879	0	
0.001	125	0.5	1 day, 1:05:39	25	22993	1	
0.001	125	0.5	1 day, 20:41:03	19	1971	1	
0.001	125	0.5	498 days, 19:26:31	0	32879	0	
0.001	125	0.5	390 days, 0:43:09	11	2503	1	
0.001	125	0.5	12 days, 12:52:39	0	32879	0	
0.001	125	0.5	1 day, 21:46:47	22	30176	1	
0.001	125	0.5	498 days, 19:26:31	0	32879	0	
0.001	125	0.5	498 days, 19:26:31	0	32879	0	
0.001	125	0.5	498 days, 19:26:31	0	32879	0	
0.001	125	0.5	1 day, 23:16:23	0	32879	0	
0.001	125	0.5	411 days, 8:56:58	28	2673	1	
0.001	125	0.5	22:02:52	35	25176	1	
0.001	125	0.5	18:57:08	28	5500	1	
0.001	125	0.5	498 days, 19:26:31	0	32879	0	
0.001	125	0.5	66 days, 1:55:04	1	32879	0	
0.001	125	0.5	3:50:28	32	32039	1	
0.001	125	0.5	16:38:50	28	7823	1	
0.001	125	0.5	3 days, 4:00:47	21	28689	1	
0.001	125	0.5	6:40:59	26	3182	1	
0.001	125	0.5	2 days, 16:58:31	23	8962	1	
0.001	125	0.5	12:04:34	17	13934	1	
0.001	125	0.5	25 days, 19:09:49	0	32879	0	
0.001	125	0.5	23:19:34	25	3386	1	
0.001	125	0.5	24 days, 1:46:12	1	32879	0	
0.001	125	0.5	498 days, 19:26:31	0	32879	0	
0.001	125	0.5	1 day, 23:47:19	0	32879	0	
0.001	125	0.5	498 days, 19:26:31	0	32879	0	
0.001	125	0.5	498 days, 19:26:31	0	32879	0	
0.001	125	0.5	64 days, 15:46:20	30	1699	1	
0.001	125	0.5	20 days, 21:39:43	0	32879	0	
0.001	125	0.5	58 days, 10:27:30	20	6158	1	
0.001	125	0.5	23:02:33	21	8474	1	
0.001	125	0.5	64 days, 15:46:20	32	1701	1	
0.001	125	0.5	20:53:32	17	3930	1	
0.001	125	0.5	498 days, 19:26:31	0	32879	0	
0.001	125	0.5	21 days, 15:29:56	0	32879	0	
0.001	125	0.5	498 days, 19:26:31	0	32879	0	
0.001	125	0.5	498 days, 19:26:31	0	32879	0	
0.001	125	0.5	1 day, 20:19:27	34	5163	1	
0.001	125	0.5	20:12:21	19	17094	1	
0.001	125	0.5	285 days, 4:11:08	5	32879	0	
0.001	125	0.5	6 days, 11:05:51	22	10674	1	
0.001	125	0.5	10:48:41	25	14673	1	
0.001	125	0.5	17:54:19	14	8126	1	
0.001	125	0.5	498 days, 19:26:31	0	32879	0	
0.001	125	0.5	12 days, 15:43:49	35	28217	1	
0.001	125	0.5	286 days, 0:54:58	1	32879	0	
0.001	125	0.5	498 days, 19:26:31	0	32879	0	
0.001	125	0.5	218 days, 6:10:29	0	32879	0	
0.001	125	0.5	170 days, 1:26:11	1	32879	0	
0.001	125	0.5	12 days, 20:42:50	0	32879	0	
0.001	125	0.5	16:20:05	20	25507	1	
0.001	125	0.5	1 day, 8:12:26	23	3137	1	
0.001	125	0.5	1 day, 19:44:09	21	5327	1	
0.001	125	0.5	498 days, 19:26:31	0	32879	0	
0.001	125	0.5	4 days, 21:55:17	0	32879	0	
0.001	125	0.5	3 days, 19:43:20	51	16913	1	
0.001	125	0.5	214 days, 15:43:18	2	32879	0	
0.001	125	0.5	6:08:18	22	4732	1	
0.001	125	0.5	351 days, 1:21:19	1	32879	0	
0.001	125	0.5	498 days, 19:26:31	0	32879	0	
0.001	125	0.5	498 days, 19:26:31	0	32879	0	
0.001	125	0.5	4:44:36	18	14578	1	
0.001	125	0.5	2 days, 3:41:23	19	7076	1	
0.001	125	0.5	5 days, 15:20:46	1	32879	0	
0.001	125	0.5	498 days, 19:26:31	0	32879	0	
0.001	125	0.5	498 days, 19:26:31	0	32879	0	
0.001	125	0.5	27 days, 3:57:33	0	32879	0	
0.001	125	0.5	163 days, 22:10:36	47	28212	1	
0.001	125	0.5	4 days, 4:44:18	46	7755	1	
0.001	125	0.5	26 days, 17:07:05	1	32879	0	
0.001	125	0.5	498 days, 19:26:31	0	32879	0	
0.001	125	0.5	3:50:23	33	32055	1	
0.001	125	0.5	148 days, 19:23:09	0	32879	0	
0.001	125	0.5	498 days, 19:26:31	0	32879	0	
0.001	125	0.5	29 days, 2:46:08	0	32879	0	
0.001	125	0.5	26 days, 21:04:25	0	32879	0	
0.001	125	0.5	7 days, 15:29:09	1	32879	0	
0.001	125	0.5	17:51:54	27	6251	1	
0.001	125	0.5	83 days, 10:59:03	1	32879	0	
0.001	125	0.5	498 days, 19:26:31	0	32879	0	
0.001	125	0.5	20 days, 0:19:13	44	27634	1	
0.001	125	0.5	498 days, 19:26:31	0	32879	0	
0.001	125	0.5	22 days, 21:18:04	0	32879	0	
0.001	125	0.5	498 days, 19:26:31	0	32879	0	
0.001	125	0.5	498 days, 19:26:31	0	32879	0	
0.001	125	0.5	17 days, 2:02:12	18	20394	1	
0.001	125	0.5	2:12:35	18	2997	1	
0.001	125	0.5	28 days, 22:20:00	0	32879	0	
0.001	125	0.5	20 days, 21:40:19	24	23782	1	
0.001	125	0.5	23:23:09	9	2069	1	
0.001	125	0.5	1 day, 20:47:12	1	32879	0	
0.001	125	0.5	1 day, 4:44:30	33	13141	1	
0.001	125	0.5	3:49:57	30	32055	1	
0.001	125	0.5	498 days, 19:26:31	0	32879	0	
0.001	125	0.5	3:37:01	17	2363	1	
0.001	125	0.5	1 day, 11:50:14	20	4707	1	
0.001	125	0.5	498 days, 19:26:31	0	32879	0	
0.001	125	0.5	498 days, 19:26:31	0	32879	0	
0.001	125	0.5	20:58:58	18	3471	1	
0.001	125	0.5	4:34:01	20	27603	1	
0.001	125	0.5	498 days, 19:26:31	0	32879	0	
0.001	125	0.5	498 days, 19:26:31	0	32879	0	
0.001	125	0.5	24 days, 1:40:02	0	32879	0	
0.001	125	0.5	498 days, 19:26:31	0	32879	0	
0.001	125	0.5	498 days, 19:26:31	0	32879	0	
0.001	125	0.5	23:49:56	29	19689	1	
0.001	125	0.5	498 days, 19:26:31	0	32879	0	
0.001	125	0.5	7:02:02	20	3334	1	
0.001	125	0.5	12:50:45	28	22195	1	
0.001	125	0.5	498 days, 19:26:31	0	32879	0	
0.001	125	0.5	441 days, 8:16:01	3	32879	0	
0.001	125	0.5	3 days, 15:45:25	25	10062	1	
0.001	125	0.5	498 days, 19:26:31	0	32879	0	
0.001	125	0.5	498 days, 19:26:31	0	32879	0	
0.001	125	0.5	10:49:37	17	4888	1	
0.001	125	0.5	12 days, 12:52:39	0	32879	0	
0.001	125	0.5	498 days, 19:26:31	0	32879	0	
0.001	125	0.5	2:44:38	20	9859	1	
0.001	125	0.5	18 days, 2:47:22	31	32055	1	
0.001	125	0.5	1 day, 16:35:12	0	32879	0	
0.001	125	0.5	327 days, 7:33:47	21	8798	1	
0.001	125	0.5	28 days, 20:55:45	23	32326	1	
0.001	125	0.5	15 days, 10:11:26	18	20098	1	
0.001	125	0.5	13:45:37	13	26536	1	
0.001	125	0.5	263 days, 21:34:01	17	2823	1	
0.001	125	0.5	9 days, 11:48:05	0	32879	0	
0.001	125	0.5	26 days, 3:52:13	1	32879	0	
0.001	125	0.5	16:31:44	25	14332	1	
0.001	125	0.5	21:54:08	26	32391	1	
0.001	125	0.5	2 days, 13:33:10	24	31557	1	
0.001	125	0.5	498 days, 19:26:31	0	32879	0	
0.001	125	0.5	3:50:26	26	32055	1	
0.001	125	0.5	17 days, 9:31:29	23	23847	1	
0.001	125	0.5	255 days, 8:27:27	21	3032	1	
0.001	125	0.5	10:36:25	18	4707	1	
0.001	125	0.5	13:49:34	14	14041	1	
0.001	125	0.5	230 days, 0:57:33	33	25285	1	
0.001	125	0.5	147 days, 21:19:16	31	6260	1	
0.001	125	0.5	7 days, 22:51:30	1	32879	0	
0.001	125	0.5	5 days, 20:10:48	28	27112	1	
0.001	125	0.5	183 days, 7:03:12	23	32768	1	
0.001	125	0.5	2 days, 15:13:18	16	6537	1	
0.001	125	0.5	498 days, 19:26:31	0	32879	0	
0.001	125	0.5	12:16:39	31	7771	1	
0.001	125	0.5	26 days, 13:45:00	0	32879	0	
0.001	125	0.5	498 days, 19:26:31	0	32879	0	
0.001	125	0.5	2:17:52	16	2818	1	
0.001	125	0.5	26 days, 16:47:43	1	32879	0	
0.001	125	0.5	5 days, 0:57:07	24	6171	1	
0.001	125	0.5	1 day, 0:45:05	26	7223	1	
0.001	125	0.5	19 days, 2:02:03	42	27047	1	
0.001	125	0.5	498 days, 19:26:31	0	32879	0	
0.001	125	0.5	216 days, 20:24:52	2	32879	0	
0.001	125	0.5	2 days, 3:24:19	29	7222	1	
0.001	125	0.5	498 days, 19:26:31	0	32879	0	
0.001	125	0.5	6 days, 3:06:09	0	32879	0	
0.001	125	0.5	11 days, 22:43:12	0	32879	0	
0.001	125	0.5	19:00:49	20	13825	1	
0.001	125	0.5	2 days, 6:19:50	19	5664	1	
0.001	125	0.5	22:12:15	22	3539	1	
0.001	125	0.5	498 days, 19:26:31	0	32879	0	
0.001	125	0.5	1 day, 8:47:09	20	7241	1	
0.001	125	0.5	22:43:20	26	5658	1	
0.001	125	0.5	7 days, 13:32:17	0	32879	0	