0.0005	200	0.25	498 days, 19:26:31	0	32879	0	
0.0005	200	0.25	498 days, 19:26:31	0	32879	0	
0.0005	200	0.25	28 days, 21:56:13	0	32879	0	
0.0005	200	0.25	1 day, 23:29:49	12	2320	1	
0.0005	200	0.25	5 days, 11:06:45	14	9060	1	
0.0005	200	0.25	498 days, 19:26:31	0	32879	0	
0.0005	200	0.25	3:50:45	13	32045	1	
0.0005	200	0.25	498 days, 19:26:31	0	32879	0	
0.0005	200	0.25	347 days, 1:38:05	11	2999	1	
0.0005	200	0.25	334 days, 22:23:35	0	32879	0	
0.0005	200	0.25	1 day, 23:56:56	16	6285	1	
0.0005	200	0.25	26 days, 13:58:56	0	32879	0	
0.0005	200	0.25	498 days, 19:26:31	0	32879	0	
0.0005	200	0.25	498 days, 19:26:31	0	32879	0	
0.0005	200	0.25	2:27:21	11	27120	1	
0.0005	200	0.25	1 day, 23:47:32	0	32879	0	
0.0005	200	0.25	8 days, 20:30:59	1	32879	0	
0.0005	200	0.25	231 days, 6:43:22	1	32879	0	
0.0005	200	0.25	1 day, 23:48:27	0	32879	0	
0.0005	200	0.25	205 days, 18:07:40	10	1843	1	
0.0005	200	0.25	498 days, 19:26:31	0	32879	0	
0.0005	200	0.25	26 days, 21:04:25	0	32879	0	
0.0005	200	0.25	29 days, 19:24:35	0	32879	0	
0.0005	200	0.25	498 days, 19:26:31	0	32879	0	
0.0005	200	0.25	19 days, 22:53:35	0	32879	0	
0.0005	200	0.25	498 days, 19:26:31	0	32879	0	
0.0005	200	0.25	18 days, 17:47:40	0	32879	0	
0.0005	200	0.25	29 days, 23:26:28	1	32879	0	
0.0005	200	0.25	9 days, 4:11:11	10	15974	1	
0.0005	200	0.25	498 days, 19:26:31	0	32879	0	
0.0005	200	0.25	498 days, 19:26:31	0	32879	0	
0.0005	200	0.25	4 days, 13:15:33	19	7237	1	
0.0005	200	0.25	498 days, 19:26:31	0	32879	0	
0.0005	200	0.25	29 days, 19:35:28	0	32879	0	
0.0005	200	0.25	3 days, 21:52:29	2	32879	0	
0.0005	200	0.25	12 days, 23:52:37	0	32879	0	
0.0005	200	0.25	498 days, 19:26:31	0	32879	0	
0.0005	200	0.25	4:36:40	18	32116	1	
0.0005	200	0.25	26 days, 15:04:26	0	32879	0	
0.0005	200	0.25	15:02:39	11	28428	1	
0.0005	200	0.25	5 days, 1:01:06	12	6160	1	
0.0005	200	0.25	498 days, 19:26:31	0	32879	0	
0.0005	200	0.25	498 days, 19:26:31	0	32879	0	
0.0005	200	0.25	498 days, 19:26:31	0	32879	0	
0.0005	200	0.25	26 days, 9:18:47	0	32879	0	
0.0005	200	0.25	498 days, 19:26:31	0	32879	0	
0.0005	200	0.25	1 day, 23:48:33	0	32879	0	
0.0005	200	0.25	29 days, 23:24:53	1	32879	0	
0.0005	200	0.25	498 days, 19:26:31	0	32879	0	
0.0005	200	0.25	498 days, 19:26:31	0	32879	0	
0.0005	200	0.25	498 days, 19:26:31	0	32879	0	
0.0005	200	0.25	498 days, 19:26:31	0	32879	0	
0.0005	200	0.25	1 day, 3:31:00	15	5262	1	
0.0005	200	0.25	21 days, 21:46:28	0	32879	0	
0.0005	200	0.25	498 days, 19:26:31	0	32879	0	
0.0005	200	0.25	1 day, 23:46:47	0	32879	0	
0.0005	200	0.25	29 days, 12:26:12	0	32879	0	
0.0005	200	0.25	498 days, 19:26:31	0	32879	0	
0.0005	200	0.25	20 days, 14:22:26	0	32879	0	
0.0005	200	0.25	498 days, 19:26:31	0	32879	0	
0.0005	200	0.25	23 days, 0:25:15	0	32879	0	
0.0005	200	0.25	413 days, 20:16:48	66	1328	1	
0.0005	200	0.25	25 days, 17:14:35	11	31922	1	
0.0005	200	0.25	258 days, 19:54:33	17	4123	1	
0.0005	200	0.25	193 days, 4:20:00	0	32879	0	
0.0005	200	0.25	498 days, 19:26:31	0	32879	0	
0.0005	200	0.25	2 days, 23:10:08	23	7541	1	
0.0005	200	0.25	4 days, 3:03:38	10	6914	1	
0.0005	200	0.25	498 days, 19:26:31	0	32879	0	
0.0005	200	0.25	498 days, 19:26:31	0	32879	0	
0.0005	200	0.25	21 days, 19:48:51	0	32879	0	
0.0005	200	0.25	498 days, 19:26:31	0	32879	0	
0.0005	200	0.25	498 days, 19:26:31	0	32879	0	
0.0005	200	0.25	18:21:01	19	32246	1	
0.0005	200	0.25	1 day, 22:56:26	13	14112	1	
0.0005	200	0.25	19 days, 22:09:20	0	32879	0	
0.0005	200	0.25	4 days, 13:04:36	21	31558	1	
0.0005	200	0.25	25 days, 13:09:32	0	32879	0	
0.0005	200	0.25	498 days, 19:26:31	0	32879	0	
0.0005	200	0.25	29 days, 13:57:50	0	32879	0	
0.0005	200	0.25	175 days, 1:43:03	0	32879	0	
0.0005	200	0.25	498 days, 19:26:31	0	32879	0	
0.0005	200	0.25	4 days, 18:11:52	1	32879	0	
0.0005	200	0.25	498 days, 19:26:31	0	32879	0	
0.0005	200	0.25	498 days, 19:26:31	0	32879	0	
0.0005	200	0.25	498 days, 19:26:31	0	32879	0	
0.0005	200	0.25	14 days, 16:38:40	0	32879	0	
0.0005	200	0.25	498 days, 19:26:31	0	32879	0	
0.0005	200	0.25	27 days, 23:17:48	0	32879	0	
0.0005	200	0.25	498 days, 19:26:31	0	32879	0	
0.0005	200	0.25	21:22:53	26	24990	1	
0.0005	200	0.25	8 days, 18:20:14	0	32879	0	
0.0005	200	0.25	23 days, 19:32:25	12	27054	1	
0.0005	200	0.25	498 days, 19:26:31	0	32879	0	
0.0005	200	0.25	498 days, 19:26:31	0	32879	0	
0.0005	200	0.25	498 days, 19:26:31	0	32879	0	
0.0005	200	0.25	498 days, 19:26:31	0	32879	0	
0.0005	200	0.25	1 day, 1:24:09	13	28997	1	
0.0005	200	0.25	1 day, 6:54:29	19	32761	1	
0.0005	200	0.25	498 days, 19:26:31	0	32879	0	
0.0005	200	0.25	2 days, 0:22:12	12	5761	1	
0.0005	200	0.25	1 day, 16:46:44	0	32879	0	
0.0005	200	0.25	498 days, 19:26:31	0	32879	0	
0.0005	200	0.25	498 days, 19:26:31	0	32879	0	
0.0005	200	0.25	4 days, 19:13:56	5	13856	1	
0.0005	200	0.25	498 days, 19:26:31	0	32879	0	
0.0005	200	0.25	498 days, 19:26:31	0	32879	0	
0.0005	200	0.25	17 days, 22:54:09	0	32879	0	
0.0005	200	0.25	498 days, 19:26:31	0	32879	0	
0.0005	200	0.25	498 days, 19:26:31	0	32879	0	
0.0005	200	0.25	22 days, 22:02:39	0	32879	0	
0.0005	200	0.25	3 days, 1:42:24	8	7752	1	
0.0005	200	0.25	498 days, 19:26:31	0	32879	0	
0.0005	200	0.25	1 day, 20:47:12	0	32879	0	
0.0005	200	0.25	498 days, 19:26:31	0	32879	0	
0.0005	200	0.25	16 days, 0:21:19	0	32879	0	
0.0005	200	0.25	1 day, 23:47:57	0	32879	0	
0.0005	200	0.25	498 days, 19:26:31	0	32879	0	
0.0005	200	0.25	498 days, 19:26:31	0	32879	0	
0.0005	200	0.25	33 days, 20:40:53	0	32879	0	
0.0005	200	0.25	498 days, 19:26:31	0	32879	0	
0.0005	200	0.25	498 days, 19:26:31	0	32879	0	
0.0005	200	0.25	1 day, 23:48:14	0	32879	0	
0.0005	200	0.25	498 days, 19:26:31	0	32879	0	
0.0005	200	0.25	6 days, 21:42:47	0	32879	0	
0.0005	200	0.25	12 days, 23:26:12	19	32761	1	
0.0005	200	0.25	7 days, 20:16:32	0	32879	0	
0.0005	200	0.25	13:48:04	7	27095	1	
0.0005	200	0.25	498 days, 19:26:31	0	32879	0	
0.0005	200	0.25	5 days, 8:56:12	0	32879	0	
0.0005	200	0.25	498 days, 19:26:31	0	32879	0	
0.0005	200	0.25	498 days, 19:26:31	0	32879	0	
0.0005	200	0.25	3:24:34	14	2666	1	
0.0005	200	0.25	498 days, 19:26:31	0	32879	0	
0.0005	200	0.25	498 days, 19:26:31	0	32879	0	
0.0005	200	0.25	9 days, 4:13:09	0	32879	0	
0.0005	200	0.25	498 days, 19:26:31	0	32879	0	
0.0005	200	0.25	29 days, 16:22:36	1	32879	0	
0.0005	200	0.25	2 days, 20:20:35	0	32879	0	
0.0005	200	0.25	5 days, 16:42:59	15	19036	1	
0.0005	200	0.25	498 days, 19:26:31	0	32879	0	
0.0005	200	0.25	498 days, 19:26:31	0	32879	0	
0.0005	200	0.25	498 days, 19:26:31	0	32879	0	
0.0005	200	0.25	498 days, 19:26:31	0	32879	0	
0.0005	200	0.25	334 days, 22:23:35	0	32879	0	
0.0005	200	0.25	498 days, 19:26:31	0	32879	0	
0.0005	200	0.25	498 days, 19:26:31	0	32879	0	
0.0005	200	0.25	8 days, 23:00:40	0	32879	0	
0.0005	200	0.25	498 days, 19:26:31	0	32879	0	
0.0005	200	0.25	4 days, 22:22:33	26	20390	1	
0.0005	200	0.25	498 days, 19:26:31	0	32879	0	
0.0005	200	0.25	27 days, 16:50:20	0	32879	0	
0.0005	200	0.25	498 days, 19:26:31	0	32879	0	
0.0005	200	0.25	441 days, 8:16:01	0	32879	0	
0.0005	200	0.25	0:57:59	12	7076	1	
0.0005	200	0.25	498 days, 19:26:31	0	32879	0	
0.0005	200	0.25	29 days, 12:26:12	1	32879	0	
0.0005	200	0.25	498 days, 19:26:31	0	32879	0	
0.0005	200	0.25	17 days, 20:08:52	10	24357	1	
0.0005	200	0.25	498 days, 19:26:31	0	32879	0	
0.0005	200	0.25	1 day, 18:52:48	5	19723	1	
0.0005	200	0.25	2 days, 15:28:07	13	17391	1	
0.0005	200	0.25	27 days, 2:10:37	1	32879	0	
0.0005	200	0.25	498 days, 19:26:31	0	32879	0	
0.0005	200	0.25	1 day, 20:23:48	9	27671	1	
0.0005	200	0.25	498 days, 19:26:31	0	32879	0	
0.0005	200	0.25	498 days, 19:26:31	0	32879	0	
0.0005	200	0.25	498 days, 19:26:31	0	32879	0	
0.0005	200	0.25	22:23:18	21	28285	1	
0.0005	200	0.25	2 days, 20:42:05	15	20611	1	
0.0005	200	0.25	24 days, 16:32:26	0	32879	0	
0.0005	200	0.25	6 days, 1:31:49	0	32879	0	
0.0005	200	0.25	498 days, 19:26:31	0	32879	0	
0.0005	200	0.25	14:57:35	1	32879	0	
0.0005	200	0.25	498 days, 19:26:31	0	32879	0	
0.0005	200	0.25	26 days, 22:08:39	0	32879	0	
0.0005	200	0.25	498 days, 19:26:31	0	32879	0	
0.0005	200	0.25	498 days, 19:26:31	0	32879	0	
0.0005	200	0.25	498 days, 19:26:31	0	32879	0	
0.0005	200	0.25	498 days, 19:26:31	0	32879	0	
0.0005	200	0.25	8 days, 0:08:54	7	13176	1	
0.0005	200	0.25	6 days, 23:29:23	0	32879	0	
0.0005	200	0.25	7:57:19	10	2999	1	
0.0005	200	0.25	498 days, 19:26:31	0	32879	0	
0.0005	200	0.25	14 days, 22:01:11	0	32879	0	
0.0005	200	0.25	1 day, 7:47:09	16	23096	1	
0.0005	200	0.25	498 days, 19:26:31	0	32879	0	
0.0005	200	0.25	498 days, 19:26:31	0	32879	0	
0.0005	200	0.25	498 days, 19:26:31	0	32879	0	
0.0005	200	0.25	6 days, 20:25:57	0	32879	0	
0.0005	200	0.25	13 days, 21:40:48	0	32879	0	
0.0005	200	0.25	498 days, 19:26:31	0	32879	0	
0.0005	200	0.25	7 days, 14:50:29	9	12119	1	
0.0005	200	0.25	498 days, 19:26:31	0	32879	0	
0.0005	200	0.25	8:45:35	16	22459	1	
0.0005	200	0.25	498 days, 19:26:31	0	32879	0	
0.0005	200	0.25	22 days, 20:16:09	0	32879	0	
0.0005	200	0.25	13 days, 21:53:29	0	32879	0	
0.0005	200	0.25	21 days, 18:14:24	0	32879	0	
0.0005	200	0.25	498 days, 19:26:31	0	32879	0	
0.001	200	0.25	498 days, 19:26:31	0	32879	0	
0.001	200	0.25	8 days, 17:58:39	0	32879	0	
0.001	200	0.25	186 days, 15:32:49	12	2290	1	
0.001	200	0.25	3 days, 13:48:15	22	18209	1	
0.001	200	0.25	148 days, 19:23:09	0	32879	0	
0.001	200	0.25	196 days, 0:13:39	0	32879	0	
0.001	200	0.25	498 days, 19:26:31	0	32879	0	
0.001	200	0.25	3 days, 17:50:40	16	7911	1	
0.001	200	0.25	498 days, 19:26:31	0	32879	0	
0.001	200	0.25	4 days, 22:16:59	21	9795	1	
0.001	200	0.25	1 day, 17:27:23	12	20660	1	
0.001	200	0.25	498 days, 19:26:31	0	32879	0	
0.001	200	0.25	7 days, 21:20:31	9	9691	1	
0.001	200	0.25	15 days, 5:10:32	0	32879	0	
0.001	200	0.25	498 days, 19:26:31	0	32879	0	
0.001	200	0.25	19:39:38	10	20906	1	
0.001	200	0.25	2 days, 20:31:05	1	32879	0	
0.001	200	0.25	25 days, 21:12:00	0	32879	0	
0.001	200	0.25	225 days, 16:06:45	14	28517	1	
0.001	200	0.25	22 days, 0:03:22	1	32879	0	
0.001	200	0.25	29 days, 17:56:09	2	32879	0	
0.001	200	0.25	22 days, 15:37:34	0	32879	0	
0.001	200	0.25	27 days, 13:23:22	0	32879	0	
0.001	200	0.25	22:16:33	24	28192	1	
0.001	200	0.25	30 days, 1:11:37	0	32879	0	
0.001	200	0.25	16:07:09	13	3386	1	
0.001	200	0.25	7 days, 0:00:10	14	9913	1	
0.001	200	0.25	498 days, 19:26:31	0	32879	0	
0.001	200	0.25	21:17:07	12	10967	1	
0.001	200	0.25	2 days, 3:22:51	0	32879	0	
0.001	200	0.25	29 days, 15:44:24	0	32879	0	
0.001	200	0.25	26 days, 15:04:36	0	32879	0	
0.001	200	0.25	14:19:56	13	6421	1	
0.001	200	0.25	498 days, 19:26:31	0	32879	0	
0.001	200	0.25	29 days, 12:26:12	0	32879	0	
0.001	200	0.25	14 days, 14:53:44	14	32549	1	
0.001	200	0.25	1 day, 17:49:06	19	7541	1	
0.001	200	0.25	23 days, 1:00:15	2	32879	0	
0.001	200	0.25	26 days, 9:18:47	0	32879	0	
0.001	200	0.25	9:20:59	18	3135	1	
0.001	200	0.25	498 days, 19:26:31	0	32879	0	
0.001	200	0.25	175 days, 17:15:17	1	32879	0	
0.001	200	0.25	498 days, 19:26:31	0	32879	0	
0.001	200	0.25	10 days, 13:26:25	0	32879	0	
0.001	200	0.25	7 days, 20:12:48	0	32879	0	
0.001	200	0.25	498 days, 19:26:31	0	32879	0	
0.001	200	0.25	498 days, 19:26:31	0	32879	0	
0.001	200	0.25	167 days, 16:37:55	17	32511	1	
0.001	200	0.25	7 days, 13:56:38	14	10676	1	
0.001	200	0.25	1 day, 20:23:10	9	27414	1	
0.001	200	0.25	19 days, 1:19:47	1	32879	0	
0.001	200	0.25	498 days, 19:26:31	0	32879	0	
0.001	200	0.25	8 days, 14:24:02	0	32879	0	
0.001	200	0.25	7 days, 11:07:43	16	9101	1	
0.001	200	0.25	29 days, 12:26:12	0	32879	0	
0.001	200	0.25	21:43:47	14	4124	1	
0.001	200	0.25	3 days, 21:31:03	18	16305	1	
0.001	200	0.25	56 days, 4:37:23	8	5820	1	
0.001	200	0.25	1 day, 4:47:04	12	4331	1	
0.001	200	0.25	4 days, 20:32:37	12	11551	1	
0.001	200	0.25	9 days, 3:48:55	9	15933	1	
0.001	200	0.25	334 days, 22:23:35	0	32879	0	
0.001	200	0.25	237 days, 0:24:37	1	32879	0	
0.001	200	0.25	22 days, 3:39:01	0	32879	0	
0.001	200	0.25	27 days, 22:15:41	0	32879	0	
0.001	200	0.25	6 days, 3:30:45	16	11457	1	
0.001	200	0.25	498 days, 19:26:31	0	32879	0	
0.001	200	0.25	1 day, 23:43:24	0	32879	0	
0.001	200	0.25	498 days, 19:26:31	0	32879	0	
0.001	200	0.25	23:11:57	18	29861	1	
0.001	200	0.25	17:53:53	12	3456	1	
0.001	200	0.25	25 days, 9:39:28	1	32879	0	
0.001	200	0.25	172 days, 21:23:48	12	4124	1	
0.001	200	0.25	10 days, 6:55:22	22	10847	1	
0.001	200	0.25	7 days, 22:51:30	0	32879	0	
0.001	200	0.25	27 days, 21:20:40	0	32879	0	
0.001	200	0.25	16:07:28	8	20590	1	
0.001	200	0.25	1 day, 23:48:23	0	32879	0	
0.001	200	0.25	20:19:59	19	20373	1	
0.001	200	0.25	267 days, 19:38:12	0	32879	0	
0.001	200	0.25	29 days, 23:26:28	1	32879	0	
0.001	200	0.25	26 days, 3:26:29	0	32879	0	
0.001	200	0.25	1 day, 6:55:33	21	32761	1	
0.001	200	0.25	403 days, 0:40:01	11	22921	1	
0.001	200	0.25	4 days, 5:55:53	14	8101	1	
0.001	200	0.25	8 days, 6:35:15	15	12397	1	
0.001	200	0.25	13 days, 15:43:26	10	27125	1	
0.001	200	0.25	29 days, 12:07:52	1	32879	0	
0.001	200	0.25	242 days, 2:59:07	12	21449	1	
0.001	200	0.25	12 days, 11:28:18	22	18165	1	
0.001	200	0.25	498 days, 19:26:31	0	32879	0	
0.001	200	0.25	19 days, 22:53:35	0	32879	0	
0.001	200	0.25	498 days, 19:26:31	0	32879	0	
0.001	200	0.25	29 days, 21:02:37	0	32879	0	
0.001	200	0.25	28 days, 2:44:23	0	32879	0	
0.001	200	0.25	498 days, 19:26:31	0	32879	0	
0.001	200	0.25	13:07:09	12	6404	1	
0.001	200	0.25	27 days, 23:17:48	0	32879	0	
0.001	200	0.25	1 day, 23:45:47	0	32879	0	
0.001	200	0.25	4 days, 2:53:37	17	14478	1	
0.001	200	0.25	245 days, 2:06:05	0	32879	0	
0.001	200	0.25	11 days, 20:00:46	7	17289	1	
0.001	200	0.25	6 days, 12:30:43	10	11423	1	
0.001	200	0.25	2 days, 20:09:26	17	17313	1	
0.001	200	0.25	9:51:54	13	10675	1	
0.001	200	0.25	498 days, 19:26:31	0	32879	0	
0.001	200	0.25	20:15:19	16	2673	1	
0.001	200	0.25	1 day, 20:27:00	3	19860	1	
0.001	200	0.25	498 days, 19:26:31	0	32879	0	
0.001	200	0.25	498 days, 19:26:31	0	32879	0	
0.001	200	0.25	1 day, 13:37:59	19	19953	1	
0.001	200	0.25	1 day, 23:47:12	0	32879	0	
0.001	200	0.25	498 days, 19:26:31	0	32879	0	
0.001	200	0.25	12 days, 22:56:05	0	32879	0	
0.001	200	0.25	498 days, 19:26:31	0	32879	0	
0.001	200	0.25	1 day, 23:48:10	0	32879	0	
0.001	200	0.25	1 day, 23:48:10	0	32879	0	
0.001	200	0.25	498 days, 19:26:31	0	32879	0	
0.001	200	0.25	498 days, 19:26:31	0	32879	0	
0.001	200	0.25	20 days, 3:50:58	0	32879	0	
0.001	200	0.25	14 days, 4:02:18	17	32387	1	
0.001	200	0.25	200 days, 19:24:18	1	32879	0	
0.001	200	0.25	15 days, 20:15:36	0	32879	0	
0.001	200	0.25	3 days, 12:03:31	10	9176	1	
0.001	200	0.25	226 days, 22:26:59	24	5281	1	
0.001	200	0.25	2 days, 20:10:14	12	7242	1	
0.001	200	0.25	498 days, 19:26:31	0	32879	0	
0.001	200	0.25	11 days, 21:14:14	0	32879	0	
0.001	200	0.25	86 days, 0:12:51	1	32879	0	
0.001	200	0.25	2 days, 21:12:31	23	32250	1	
0.001	200	0.25	282 days, 21:01:04	21	23889	1	
0.001	200	0.25	498 days, 19:26:31	0	32879	0	
0.001	200	0.25	20 days, 0:36:20	0	32879	0	
0.001	200	0.25	498 days, 19:26:31	0	32879	0	
0.001	200	0.25	11 days, 17:54:32	0	32879	0	
0.001	200	0.25	1 day, 9:15:38	33	26691	1	
0.001	200	0.25	498 days, 19:26:31	0	32879	0	
0.001	200	0.25	498 days, 19:26:31	0	32879	0	
0.001	200	0.25	19 days, 18:36:20	0	32879	0	
0.001	200	0.25	1 day, 18:04:52	17	5421	1	
0.001	200	0.25	4 days, 5:40:01	19	31951	1	
0.001	200	0.25	130 days, 4:32:45	29	1650	1	
0.001	200	0.25	498 days, 19:26:31	0	32879	0	
0.001	200	0.25	5 days, 20:07:41	0	32879	0	
0.001	200	0.25	2 days, 2:48:52	19	13099	1	
0.001	200	0.25	20:22:10	16	25176	1	
0.001	200	0.25	498 days, 19:26:31	0	32879	0	
0.001	200	0.25	498 days, 19:26:31	0	32879	0	
0.001	200	0.25	9 days, 13:05:41	18	13824	1	
0.001	200	0.25	1 day, 19:00:49	13	16716	1	
0.001	200	0.25	7 days, 1:47:59	12	10677	1	
0.001	200	0.25	1 day, 0:54:53	8	27282	1	
0.001	200	0.25	3:56:36	18	4434	1	
0.001	200	0.25	29 days, 0:03:48	0	32879	0	
0.001	200	0.25	12 days, 3:13:50	17	16661	1	
0.001	200	0.25	23:51:50	18	5825	1	
0.001	200	0.25	28 days, 0:24:14	1	32879	0	
0.001	200	0.25	9 days, 16:17:39	10	29996	1	
0.001	200	0.25	498 days, 19:26:31	0	32879	0	
0.001	200	0.25	1 day, 6:27:15	11	2982	1	
0.001	200	0.25	498 days, 19:26:31	0	32879	0	
0.001	200	0.25	498 days, 19:26:31	0	32879	0	
0.001	200	0.25	7 days, 7:34:38	11	9899	1	
0.001	200	0.25	110 days, 0:48:20	2	32879	0	
0.001	200	0.25	168 days, 15:32:49	1	32879	0	
0.001	200	0.25	20:25:27	17	32311	1	
0.001	200	0.25	218 days, 6:10:29	0	32879	0	
0.001	200	0.25	498 days, 19:26:31	0	32879	0	
0.001	200	0.25	20 days, 23:42:54	1	32879	0	
0.001	200	0.25	2 days, 21:35:36	9	24180	1	
0.001	200	0.25	498 days, 19:26:31	0	32879	0	
0.001	200	0.25	498 days, 19:26:31	0	32879	0	
0.001	200	0.25	26 days, 13:45:00	0	32879	0	
0.001	200	0.25	498 days, 19:26:31	0	32879	0	
0.001	200	0.25	1 day, 4:40:07	9	2483	1	
0.001	200	0.25	28 days, 23:00:32	0	32879	0	
0.001	200	0.25	498 days, 19:26:31	0	32879	0	
0.001	200	0.25	12 days, 20:42:50	0	32879	0	
0.001	200	0.25	210 days, 20:49:36	0	32879	0	
0.001	200	0.25	2 days, 7:33:19	11	2574	1	
0.001	200	0.25	498 days, 19:26:31	0	32879	0	
0.001	200	0.25	498 days, 19:26:31	0	32879	0	
0.001	200	0.25	498 days, 19:26:31	0	32879	0	
0.001	200	0.25	6 days, 11:26:36	13	10706	1	
0.001	200	0.25	3 days, 20:31:54	16	19679	1	
0.001	200	0.25	498 days, 19:26:31	0	32879	0	
0.001	200	0.25	498 days, 19:26:31	0	32879	0	
0.001	200	0.25	66 days, 1:55:04	0	32879	0	
0.001	200	0.25	498 days, 19:26:31	0	32879	0	
0.001	200	0.25	18:43:51	19	19987	1	
0.001	200	0.25	3 days, 17:31:39	14	7980	1	
0.001	200	0.25	498 days, 19:26:31	0	32879	0	
0.001	200	0.25	1 day, 23:44:32	13	5451	1	
0.001	200	0.25	498 days, 19:26:31	0	32879	0	
0.001	200	0.25	195 days, 18:30:24	16	3138	1	
0.001	200	0.25	20 days, 16:51:30	0	32879	0	
0.001	200	0.25	129 days, 4:11:04	1	32879	0	
0.001	200	0.25	1 day, 13:46:34	0	32879	0	
0.001	200	0.25	27 days, 0:21:23	19	31234	1	
0.001	200	0.25	51 days, 2:05:26	1	32879	0	
0.005	200	0.25	2 days, 16:58:16	11	6378	1	
0.005	200	0.25	190 days, 20:40:09	34	1554	1	
0.005	200	0.25	5 days, 15:33:53	13	10847	1	
0.005	200	0.25	1 day, 8:02:02	11	4301	1	
0.005	200	0.25	23 days, 23:09:50	6	25533	1	
0.005	200	0.25	223 days, 12:54:35	12	7223	1	
0.005	200	0.25	1 day, 1:16:40	6	3789	1	
0.005	200	0.25	29 days, 0:09:37	10	32879	0	
0.005	200	0.25	4:06:47	9	2729	1	
0.005	200	0.25	3 days, 9:54:26	9	7087	1	
0.005	200	0.25	7 days, 21:39:15	16	10903	1	
0.005	200	0.25	186 days, 17:12:51	10	3471	1	
0.005	200	0.25	5 days, 0:57:07	11	6154	1	
0.005	200	0.25	202 days, 6:13:30	14	5307	1	
0.005	200	0.25	2 days, 5:35:57	10	2496	1	
0.005	200	0.25	17:45:09	15	6724	1	
0.005	200	0.25	8 days, 18:45:09	14	20964	1	
0.005	200	0.25	1 day, 1:09:05	8	2609	1	
0.005	200	0.25	2 days, 4:36:25	11	5579	1	
0.005	200	0.25	311 days, 20:29:18	18	9298	1	
0.005	200	0.25	2 days, 5:23:06	9	5470	1	
0.005	200	0.25	19 days, 13:41:39	15	32387	1	
0.005	200	0.25	214 days, 8:47:09	8	3140	1	
0.005	200	0.25	264 days, 1:14:47	14	12336	1	
0.005	200	0.25	101 days, 15:13:23	10	2728	1	
0.005	200	0.25	411 days, 12:57:52	12	3137	1	
0.005	200	0.25	209 days, 14:41:22	9	2340	1	
0.005	200	0.25	215 days, 22:28:30	17	3512	1	
0.005	200	0.25	2 days, 0:10:26	13	5694	1	
0.005	200	0.25	12 days, 3:31:05	11	14290	1	
0.005	200	0.25	149 days, 15:19:32	9	2560	1	
0.005	200	0.25	206 days, 10:58:12	10	29640	1	
0.005	200	0.25	28 days, 1:33:41	2	32879	0	
0.005	200	0.25	224 days, 17:37:35	13	27056	1	
0.005	200	0.25	2 days, 11:39:45	19	5459	1	
0.005	200	0.25	101 days, 14:04:27	11	2510	1	
0.005	200	0.25	13 days, 9:22:12	17	32374	1	
0.005	200	0.25	1 day, 13:50:28	18	5421	1	
0.005	200	0.25	222 days, 22:53:26	12	26169	1	
0.005	200	0.25	160 days, 2:35:56	13	26004	1	
0.005	200	0.25	219 days, 4:32:07	15	7983	1	
0.005	200	0.25	1 day, 12:22:06	11	7043	1	
0.005	200	0.25	66 days, 0:48:33	8	1846	1	
0.005	200	0.25	178 days, 13:09:49	12	2982	1	
0.005	200	0.25	58 days, 1:08:38	12	5364	1	
0.005	200	0.25	11 days, 3:25:37	18	15982	1	
0.005	200	0.25	2 days, 16:57:39	8	8099	1	
0.005	200	0.25	1 day, 21:35:48	11	2440	1	
0.005	200	0.25	153 days, 14:28:48	20	7752	1	
0.005	200	0.25	3 days, 5:34:46	13	2953	1	
0.005	200	0.25	226 days, 17:36:06	12	1843	1	
0.005	200	0.25	282 days, 19:17:31	16	7472	1	
0.005	200	0.25	2 days, 7:37:33	11	6901	1	
0.005	200	0.25	1 day, 0:28:56	6	2483	1	
0.005	200	0.25	20 days, 22:21:34	24	25285	1	
0.005	200	0.25	2 days, 5:21:28	6	2340	1	
0.005	200	0.25	103 days, 9:48:11	3	7534	1	
0.005	200	0.25	18:56:45	15	3747	1	
0.005	200	0.25	458 days, 1:29:55	16	2987	1	
0.005	200	0.25	173 days, 12:25:55	12	14915	1	
0.005	200	0.25	2 days, 11:50:54	11	3238	1	
0.005	200	0.25	1 day, 17:05:48	16	5364	1	
0.005	200	0.25	23:05:38	10	2068	1	
0.005	200	0.25	28 days, 20:13:22	4	32879	0	
0.005	200	0.25	14 days, 1:02:42	13	31339	1	
0.005	200	0.25	3 days, 15:11:41	15	7236	1	
0.005	200	0.25	3 days, 11:47:38	11	7796	1	
0.005	200	0.25	308 days, 2:17:26	9	6996	1	
0.005	200	0.25	6 days, 9:16:20	8	8805	1	
0.005	200	0.25	3 days, 20:02:46	14	5333	1	
0.005	200	0.25	60 days, 9:25:57	22	9324	1	
0.005	200	0.25	209 days, 12:41:46	5	24483	1	
0.005	200	0.25	97 days, 16:08:36	6	3137	1	
0.005	200	0.25	142 days, 21:46:09	15	6352	1	
0.005	200	0.25	178 days, 15:51:27	16	9081	1	
0.005	200	0.25	8 days, 5:41:47	17	13159	1	
0.005	200	0.25	413 days, 20:16:48	56	1328	1	
0.005	200	0.25	4 days, 0:03:00	10	3034	1	
0.005	200	0.25	12:48:43	11	3589	1	
0.005	200	0.25	7 days, 15:15:07	11	9919	1	
0.005	200	0.25	27 days, 2:10:37	1	32879	0	
0.005	200	0.25	193 days, 15:25:17	20	12721	1	
0.005	200	0.25	8:56:44	9	4681	1	
0.005	200	0.25	200 days, 16:29:01	8	2560	1	
0.005	200	0.25	1 day, 8:47:09	14	7237	1	
0.005	200	0.25	11:02:54	7	3209	1	
0.005	200	0.25	187 days, 12:54:59	41	1668	1	
0.005	200	0.25	221 days, 0:36:04	12	6158	1	
0.005	200	0.25	147 days, 11:28:14	11	6210	1	
0.005	200	0.25	2 days, 1:31:58	14	5659	1	
0.005	200	0.25	148 days, 12:09:18	17	7431	1	
0.005	200	0.25	10 days, 18:26:20	9	12279	1	
0.005	200	0.25	6 days, 19:19:26	16	22146	1	
0.005	200	0.25	7 days, 3:02:23	7	9863	1	
0.005	200	0.25	2:29:41	10	2388	1	
0.005	200	0.25	159 days, 18:29:02	11	3749	1	
0.005	200	0.25	457 days, 17:36:11	26	1969	1	
0.005	200	0.25	65 days, 2:37:26	17	1631	1	
0.005	200	0.25	1 day, 2:55:44	10	2340	1	
0.005	200	0.25	203 days, 3:02:40	23	20390	1	
0.005	200	0.25	145 days, 8:52:01	9	2232	1	
0.005	200	0.25	238 days, 16:32:25	14	3597	1	
0.005	200	0.25	173 days, 6:17:35	0	32879	0	
0.005	200	0.25	7 days, 10:07:10	11	9081	1	
0.005	200	0.25	159 days, 13:22:01	13	3695	1	
0.005	200	0.25	147 days, 19:14:32	14	5466	1	
0.005	200	0.25	16 days, 1:17:03	22	29252	1	
0.005	200	0.25	182 days, 17:00:57	8	3755	1	
0.005	200	0.25	4 days, 14:46:49	15	10903	1	
0.005	200	0.25	161 days, 4:07:47	12	9912	1	
0.005	200	0.25	22:55:22	13	3538	1	
0.005	200	0.25	327 days, 23:48:13	23	9324	1	
0.005	200	0.25	205 days, 17:24:51	12	1833	1	
0.005	200	0.25	132 days, 21:10:23	17	17562	1	
0.005	200	0.25	2 days, 19:48:20	7	3508	1	
0.005	200	0.25	185 days, 9:05:53	47	1555	1	
0.005	200	0.25	7 days, 6:14:12	20	32761	1	
0.005	200	0.25	144 days, 23:18:33	14	2261	1	
0.005	200	0.25	189 days, 5:13:27	11	2815	1	
0.005	200	0.25	137 days, 17:44:28	7	2037	1	
0.005	200	0.25	218 days, 0:08:48	20	20577	1	
0.005	200	0.25	5:39:53	10	3145	1	
0.005	200	0.25	7 days, 3:37:09	20	9544	1	
0.005	200	0.25	2 days, 15:58:22	14	7495	1	
0.005	200	0.25	26 days, 19:48:49	8	32879	0	
0.005	200	0.25	382 days, 1:08:56	31	1066	1	
0.005	200	0.25	23 days, 9:14:25	11	28239	1	
0.005	200	0.25	77 days, 22:54:12	17	4390	1	
0.005	200	0.25	63 days, 23:19:29	19	1629	1	
0.005	200	0.25	66 days, 0:01:45	10	1833	1	
0.005	200	0.25	145 days, 19:49:53	8	4319	1	
0.005	200	0.25	171 days, 18:20:23	14	3929	1	
0.005	200	0.25	201 days, 19:11:06	9	2871	1	
0.005	200	0.25	230 days, 1:41:07	17	16661	1	
0.005	200	0.25	131 days, 14:17:01	2	32879	0	
0.005	200	0.25	225 days, 2:58:37	11	9250	1	
0.005	200	0.25	6:18:58	13	2882	1	
0.005	200	0.25	2 days, 0:19:37	15	4707	1	
0.005	200	0.25	12 days, 19:55:24	1	32879	0	
0.005	200	0.25	146 days, 19:12:16	14	4563	1	
0.005	200	0.25	306 days, 22:53:16	14	5333	1	
0.005	200	0.25	27 days, 3:57:33	1	32879	0	
0.005	200	0.25	65 days, 17:01:12	6	2068	1	
0.005	200	0.25	8 days, 13:07:31	15	10321	1	
0.005	200	0.25	30 days, 14:06:12	1	32879	0	
0.005	200	0.25	194 days, 19:13:27	12	4128	1	
0.005	200	0.25	7 days, 11:22:40	16	9216	1	
0.005	200	0.25	300 days, 22:16:22	17	3178	1	
0.005	200	0.25	2 days, 21:11:23	11	23807	1	
0.005	200	0.25	376 days, 16:50:39	36	919	1	
0.005	200	0.25	201 days, 19:25:54	13	11047	1	
0.005	200	0.25	221 days, 6:45:59	14	4183	1	
0.005	200	0.25	12 days, 2:00:03	6	13769	1	
0.005	200	0.25	1 day, 20:12:54	7	2387	1	
0.005	200	0.25	470 days, 22:17:45	16	5659	1	
0.005	200	0.25	143 days, 7:19:13	7	2733	1	
0.005	200	0.25	6:16:22	12	2999	1	
0.005	200	0.25	103 days, 4:04:38	10	2881	1	
0.005	200	0.25	2 days, 16:34:11	14	3386	1	
0.005	200	0.25	4:50:12	15	2657	1	
0.005	200	0.25	8 days, 8:48:47	7	11600	1	
0.005	200	0.25	4 days, 2:48:22	12	7540	1	
0.005	200	0.25	27 days, 18:56:44	20	32311	1	
0.005	200	0.25	460 days, 8:24:30	10	7522	1	
0.005	200	0.25	2 days, 23:52:42	9	9951	1	
0.005	200	0.25	13 days, 11:16:07	15	16706	1	
0.005	200	0.25	143 days, 6:03:46	7	2504	1	
0.005	200	0.25	1 day, 18:27:47	18	5451	1	
0.005	200	0.25	4 days, 13:49:48	18	18159	1	
0.005	200	0.25	53 days, 7:28:09	9	1846	1	
0.005	200	0.25	186 days, 23:20:50	37	1568	1	
0.005	200	0.25	193 days, 14:04:01	8	7850	1	
0.005	200	0.25	147 days, 4:01:26	17	5551	1	
0.005	200	0.25	286 days, 4:21:48	30	27510	1	
0.005	200	0.25	3 days, 17:53:18	13	6515	1	
0.005	200	0.25	390 days, 23:42:30	19	3888	1	
0.005	200	0.25	16 days, 23:22:16	12	20864	1	
0.005	200	0.25	204 days, 2:11:28	16	7240	1	
0.005	200	0.25	190 days, 15:47:58	17	7627	1	
0.005	200	0.25	4:41:14	6	2495	1	
0.005	200	0.25	2 days, 5:59:59	10	3109	1	
0.005	200	0.25	473 days, 8:11:15	0	32879	0	
0.005	200	0.25	413 days, 20:16:48	65	1328	1	
0.005	200	0.25	130 days, 14:37:48	12	3317	1	
0.005	200	0.25	156 days, 14:28:55	10	9376	1	
0.005	200	0.25	189 days, 15:40:49	10	4711	1	
0.005	200	0.25	235 days, 15:04:05	39	1568	1	
0.005	200	0.25	2 days, 4:16:02	9	2391	1	
0.005	200	0.25	187 days, 22:51:32	11	4434	1	
0.005	200	0.25	1 day, 2:41:56	16	4081	1	
0.005	200	0.25	384 days, 1:22:32	13	2881	1	
0.005	200	0.25	17 days, 12:19:58	11	24181	1	
0.005	200	0.25	2:07:09	8	13009	1	
0.005	200	0.25	2 days, 3:12:02	9	2034	1	
0.005	200	0.25	226 days, 12:26:02	28	29597	1	
0.005	200	0.25	200 days, 5:14:18	7	2449	1	
0.005	200	0.25	286 days, 0:54:58	1	32879	0	
0.005	200	0.25	261 days, 20:05:13	12	2465	1	
0.005	200	0.25	466 days, 2:31:19	17	13627	1	
0.005	200	0.25	280 days, 6:08:11	4	4543	1	
0.01	200	0.25	190 days, 20:40:09	48	1555	1	
0.01	200	0.25	304 days, 19:44:39	10	8112	1	
0.01	200	0.25	138 days, 11:45:16	5	2112	1	
0.01	200	0.25	2 days, 4:38:39	20	5333	1	
0.01	200	0.25	7 days, 3:13:50	13	10294	1	
0.01	200	0.25	218 days, 1:26:57	18	7541	1	
0.01	200	0.25	186 days, 21:26:20	45	1554	1	
0.01	200	0.25	191 days, 6:31:07	30	1631	1	
0.01	200	0.25	143 days, 21:55:03	4	1881	1	
0.01	200	0.25	15:39:39	9	3590	1	
0.01	200	0.25	279 days, 1:44:52	20	2987	1	
0.01	200	0.25	392 days, 3:52:25	9	11414	1	
0.01	200	0.25	456 days, 19:01:22	16	1777	1	
0.01	200	0.25	306 days, 3:10:54	11	4414	1	
0.01	200	0.25	304 days, 22:26:06	5	2557	1	
0.01	200	0.25	14 days, 23:56:43	11	18574	1	
0.01	200	0.25	201 days, 13:19:45	9	3589	1	
0.01	200	0.25	146 days, 10:03:44	8	6956	1	
0.01	200	0.25	209 days, 17:37:33	12	2704	1	
0.01	200	0.25	8 days, 9:11:12	16	11325	1	
0.01	200	0.25	193 days, 2:37:31	8	2470	1	
0.01	200	0.25	209 days, 19:24:56	9	2939	1	
0.01	200	0.25	1 day, 2:59:36	10	4122	1	
0.01	200	0.25	1 day, 16:57:39	5	4189	1	
0.01	200	0.25	3 days, 18:02:34	10	7541	1	
0.01	200	0.25	8 days, 7:33:35	6	9889	1	
0.01	200	0.25	120 days, 22:25:40	10	5676	1	
0.01	200	0.25	210 days, 18:54:59	9	12129	1	
0.01	200	0.25	265 days, 3:28:29	14	5560	1	
0.01	200	0.25	108 days, 3:35:56	10	2681	1	
0.01	200	0.25	190 days, 20:40:09	42	1555	1	
0.01	200	0.25	227 days, 15:54:03	12	2511	1	
0.01	200	0.25	263 days, 6:23:12	18	3175	1	
0.01	200	0.25	154 days, 1:04:06	9	2759	1	
0.01	200	0.25	214 days, 3:35:34	9	1843	1	
0.01	200	0.25	2 days, 22:04:52	14	5658	1	
0.01	200	0.25	3:06:57	7	2389	1	
0.01	200	0.25	1 day, 2:30:35	14	5364	1	
0.01	200	0.25	1 day, 0:53:29	10	3508	1	
0.01	200	0.25	207 days, 22:50:33	9	2340	1	
0.01	200	0.25	1 day, 22:46:00	9	2182	1	
0.01	200	0.25	136 days, 5:41:51	37	1328	1	
0.01	200	0.25	412 days, 16:37:53	61	1299	1	
0.01	200	0.25	35 days, 3:28:32	5	1846	1	
0.01	200	0.25	2 days, 7:06:11	10	6431	1	
0.01	200	0.25	33 days, 6:04:54	10	2981	1	
0.01	200	0.25	227 days, 16:52:44	10	2697	1	
0.01	200	0.25	483 days, 6:11:12	15	31156	1	
0.01	200	0.25	1 day, 19:41:49	17	3133	1	
0.01	200	0.25	19 days, 22:19:48	15	23581	1	
0.01	200	0.25	468 days, 18:42:38	5	2436	1	
0.01	200	0.25	21 days, 6:47:17	16	3144	1	
0.01	200	0.25	202 days, 21:13:23	11	4323	1	
0.01	200	0.25	154 days, 21:39:12	12	3759	1	
0.01	200	0.25	1 day, 4:34:57	9	2475	1	
0.01	200	0.25	205 days, 3:34:19	10	5466	1	
0.01	200	0.25	62 days, 18:18:21	13	6385	1	
0.01	200	0.25	200 days, 9:00:15	12	3012	1	
0.01	200	0.25	263 days, 1:59:46	9	1880	1	
0.01	200	0.25	457 days, 18:36:54	25	2072	1	
0.01	200	0.25	209 days, 16:02:55	12	2436	1	
0.01	200	0.25	188 days, 17:46:49	9	6354	1	
0.01	200	0.25	184 days, 14:41:19	11	2421	1	
0.01	200	0.25	169 days, 20:43:20	10	15658	1	
0.01	200	0.25	192 days, 8:40:25	6	8045	1	
0.01	200	0.25	56 days, 9:27:09	8	2557	1	
0.01	200	0.25	471 days, 14:42:50	10	6128	1	
0.01	200	0.25	215 days, 7:53:28	9	4330	1	
0.01	200	0.25	463 days, 10:35:49	11	9377	1	
0.01	200	0.25	6 days, 21:05:29	9	9951	1	
0.01	200	0.25	163 days, 5:45:12	16	2836	1	
0.01	200	0.25	171 days, 17:10:40	4	2240	1	
0.01	200	0.25	129 days, 10:29:01	9	1866	1	
0.01	200	0.25	2 days, 2:18:03	10	3958	1	
0.01	200	0.25	77 days, 17:32:19	15	3951	1	
0.01	200	0.25	412 days, 12:46:35	12	3736	1	
0.01	200	0.25	411 days, 11:19:32	10	2110	1	
0.01	200	0.25	457 days, 12:44:20	21	4114	1	
0.01	200	0.25	226 days, 22:43:25	14	5307	1	
0.01	200	0.25	306 days, 23:19:22	14	5364	1	
0.01	200	0.25	391 days, 8:37:28	7	4577	1	
0.01	200	0.25	119 days, 15:57:59	13	5281	1	
0.01	200	0.25	412 days, 16:37:53	62	1299	1	
0.01	200	0.25	8 days, 2:01:17	8	11089	1	
0.01	200	0.25	2 days, 6:14:43	13	5349	1	
0.01	200	0.25	189 days, 21:35:10	11	3290	1	
0.01	200	0.25	4:16:40	11	2728	1	
0.01	200	0.25	160 days, 23:48:50	10	5670	1	
0.01	200	0.25	131 days, 6:59:34	18	4091	1	
0.01	200	0.25	469 days, 20:03:50	21	4081	1	
0.01	200	0.25	118 days, 13:26:12	10	3716	1	
0.01	200	0.25	2 days, 3:50:01	15	5333	1	
0.01	200	0.25	208 days, 20:23:40	14	4945	1	
0.01	200	0.25	390 days, 6:11:40	19	3174	1	
0.01	200	0.25	8 days, 22:07:33	14	10868	1	
0.01	200	0.25	6 days, 20:00:09	24	10596	1	
0.01	200	0.25	262 days, 2:37:59	8	1843	1	
0.01	200	0.25	37 days, 22:13:42	6	2076	1	
0.01	200	0.25	29 days, 5:56:33	11	4612	1	
0.01	200	0.25	3 days, 1:19:27	12	6501	1	
0.01	200	0.25	182 days, 11:58:24	12	3509	1	
0.01	200	0.25	195 days, 13:35:59	11	2510	1	
0.01	200	0.25	348 days, 2:04:08	15	4295	1	
0.01	200	0.25	237 days, 21:13:05	11	2851	1	
0.01	200	0.25	132 days, 17:42:41	9	3424	1	
0.01	200	0.25	23:03:29	19	3458	1	
0.01	200	0.25	37 days, 0:30:33	14	1804	1	
0.01	200	0.25	1 day, 21:24:09	8	2027	1	
0.01	200	0.25	205 days, 9:30:05	12	8125	1	
0.01	200	0.25	451 days, 13:40:11	8	11555	1	
0.01	200	0.25	12 days, 21:53:34	20	32016	1	
0.01	200	0.25	178 days, 5:28:52	8	2871	1	
0.01	200	0.25	12 days, 22:57:44	10	15071	1	
0.01	200	0.25	9:51:43	13	3213	1	
0.01	200	0.25	187 days, 10:22:04	8	1866	1	
0.01	200	0.25	1 day, 21:43:25	16	5282	1	
0.01	200	0.25	444 days, 9:44:34	15	4123	1	
0.01	200	0.25	215 days, 16:24:16	11	2681	1	
0.01	200	0.25	207 days, 1:44:27	8	2817	1	
0.01	200	0.25	62 days, 3:34:06	13	30957	1	
0.01	200	0.25	256 days, 4:50:52	9	3078	1	
0.01	200	0.25	207 days, 0:20:34	9	2543	1	
0.01	200	0.25	187 days, 4:48:11	7	4544	1	
0.01	200	0.25	2 days, 5:18:03	12	4945	1	
0.01	200	0.25	6:45:06	7	3078	1	
0.01	200	0.25	130 days, 11:32:08	10	3185	1	
0.01	200	0.25	237 days, 20:58:02	9	2817	1	
0.01	200	0.25	1 day, 7:05:50	17	4122	1	
0.01	200	0.25	8 days, 19:05:50	11	10516	1	
0.01	200	0.25	1 day, 23:36:40	10	3535	1	
0.01	200	0.25	2 days, 4:57:04	9	5754	1	
0.01	200	0.25	5 days, 1:01:06	10	6149	1	
0.01	200	0.25	4:30:09	10	2752	1	
0.01	200	0.25	7 days, 23:45:19	8	8148	1	
0.01	200	0.25	216 days, 12:45:23	15	3668	1	
0.01	200	0.25	232 days, 0:28:24	17	18479	1	
0.01	200	0.25	1 day, 7:08:46	7	4266	1	
0.01	200	0.25	412 days, 11:49:27	11	3560	1	
0.01	200	0.25	295 days, 19:09:30	4	6432	1	
0.01	200	0.25	36 days, 21:33:56	15	3462	1	
0.01	200	0.25	411 days, 18:50:46	15	3055	1	
0.01	200	0.25	383 days, 23:05:19	17	2469	1	
0.01	200	0.25	203 days, 11:00:41	11	10672	1	
0.01	200	0.25	1 day, 17:51:08	4	6524	1	
0.01	200	0.25	1 day, 21:17:34	10	2018	1	
0.01	200	0.25	8:02:11	9	3134	1	
0.01	200	0.25	166 days, 0:46:13	13	2643	1	
0.01	200	0.25	227 days, 11:36:24	6	2008	1	
0.01	200	0.25	21 days, 0:06:31	9	2877	1	
0.01	200	0.25	208 days, 12:50:46	13	1769	1	
0.01	200	0.25	182 days, 1:31:37	17	19964	1	
0.01	200	0.25	54 days, 7:31:40	3	4697	1	
0.01	200	0.25	261 days, 21:34:35	11	2728	1	
0.01	200	0.25	16 days, 22:46:03	10	20619	1	
0.01	200	0.25	63 days, 7:00:15	17	7237	1	
0.01	200	0.25	180 days, 19:21:09	4	2391	1	
0.01	200	0.25	172 days, 21:44:17	15	5560	1	
0.01	200	0.25	383 days, 23:09:54	8	2476	1	
0.01	200	0.25	4:55:16	4	2074	1	
0.01	200	0.25	376 days, 16:50:39	36	919	1	
0.01	200	0.25	1 day, 13:03:51	7	4831	1	
0.01	200	0.25	20:38:11	11	2040	1	
0.01	200	0.25	226 days, 10:53:23	8	1699	1	
0.01	200	0.25	139 days, 17:06:08	18	4135	1	
0.01	200	0.25	1 day, 22:09:32	13	4883	1	
0.01	200	0.25	413 days, 20:16:48	72	1328	1	
0.01	200	0.25	145 days, 12:56:13	11	2818	1	
0.01	200	0.25	216 days, 6:56:32	10	5658	1	
0.01	200	0.25	13 days, 15:25:42	18	17087	1	
0.01	200	0.25	256 days, 2:29:51	8	2850	1	
0.01	200	0.25	347 days, 19:40:12	9	3612	1	
0.01	200	0.25	258 days, 1:40:08	9	6403	1	
0.01	200	0.25	459 days, 21:08:53	20	7237	1	
0.01	200	0.25	147 days, 17:44:58	15	5333	1	
0.01	200	0.25	263 days, 20:52:43	12	2674	1	
0.01	200	0.25	149 days, 11:18:39	8	2069	1	
0.01	200	0.25	202 days, 18:38:47	12	3456	1	
0.01	200	0.25	263 days, 17:52:35	11	2320	1	
0.01	200	0.25	106 days, 1:29:58	36	1592	1	
0.01	200	0.25	98 days, 5:26:21	5	2513	1	
0.01	200	0.25	1:02:22	10	2710	1	
0.01	200	0.25	5 days, 1:06:02	10	10675	1	
0.01	200	0.25	348 days, 0:44:18	8	4183	1	
0.01	200	0.25	23 days, 22:10:46	10	28306	1	
0.01	200	0.25	13:40:13	19	3079	1	
0.01	200	0.25	2 days, 9:44:41	11	5877	1	
0.01	200	0.25	1 day, 6:40:43	10	4706	1	
0.01	200	0.25	1 day, 22:15:49	14	5658	1	
0.01	200	0.25	2 days, 2:56:41	9	2008	1	
0.01	200	0.25	239 days, 21:34:02	8	5459	1	
0.01	200	0.25	176 days, 19:35:59	37	1555	1	
0.01	200	0.25	184 days, 15:20:01	13	9086	1	
0.01	200	0.25	278 days, 19:47:14	4	2185	1	
0.01	200	0.25	1 day, 10:41:16	7	4550	1	
0.01	200	0.25	1 day, 23:06:21	8	2482	1	
0.01	200	0.25	219 days, 2:03:12	15	5333	1	
0.01	200	0.25	210 days, 13:28:28	4	13935	1	
0.01	200	0.25	1 day, 2:00:48	11	3236	1	
0.01	200	0.25	179 days, 3:30:20	12	4611	1	
0.01	200	0.25	139 days, 12:19:44	10	3580	1	
0.05	200	0.25	229 days, 15:41:54	6	2478	1	
0.05	200	0.25	228 days, 20:18:48	2	1865	1	
0.05	200	0.25	260 days, 5:38:48	2	1669	1	
0.05	200	0.25	204 days, 18:58:06	3	1629	1	
0.05	200	0.25	227 days, 11:33:06	3	1568	1	
0.05	200	0.25	201 days, 4:20:43	10	2276	1	
0.05	200	0.25	159 days, 22:15:25	7	634	1	
0.05	200	0.25	382 days, 8:37:09	5	1669	1	
0.05	200	0.25	176 days, 19:35:59	16	1554	1	
0.05	200	0.25	225 days, 11:31:48	5	1567	1	
0.05	200	0.25	211 days, 13:20:20	4	129	1	
0.05	200	0.25	216 days, 22:49:09	5	2232	1	
0.05	200	0.25	0:00:00	1	3	1	
0.05	200	0.25	235 days, 15:20:54	7	1575	1	
0.05	200	0.25	179 days, 0:29:38	5	546	1	
0.05	200	0.25	217 days, 0:55:41	5	2448	1	
0.05	200	0.25	60 days, 1:56:29	4	498	1	
0.05	200	0.25	249 days, 16:38:14	18	1498	1	
0.05	200	0.25	36 days, 12:43:51	4	471	1	
0.05	200	0.25	370 days, 4:12:17	9	1832	1	
0.05	200	0.25	205 days, 23:27:31	6	1591	1	
0.05	200	0.25	192 days, 2:44:13	3	1640	1	
0.05	200	0.25	201 days, 3:53:09	8	1626	1	
0.05	200	0.25	213 days, 4:16:27	5	1620	1	
0.05	200	0.25	441 days, 1:42:38	13	1555	1	
0.05	200	0.25	218 days, 1:04:35	5	2028	1	
0.05	200	0.25	103 days, 2:19:50	10	51	1	
0.05	200	0.25	441 days, 10:25:57	8	1625	1	
0.05	200	0.25	61 days, 19:48:54	3	551	1	
0.05	200	0.25	220 days, 3:27:27	2	2407	1	
0.05	200	0.25	208 days, 15:11:02	4	1807	1	
0.05	200	0.25	292 days, 17:32:24	8	2109	1	
0.05	200	0.25	179 days, 2:20:25	12	551	1	
0.05	200	0.25	370 days, 23:23:45	5	2056	1	
0.05	200	0.25	30 days, 20:02:42	7	852	1	
0.05	200	0.25	241 days, 22:37:33	14	184	1	
0.05	200	0.25	447 days, 21:04:06	2	1443	1	
0.05	200	0.25	371 days, 5:37:56	6	2907	1	
0.05	200	0.25	255 days, 22:32:19	8	2266	1	
0.05	200	0.25	408 days, 21:54:57	8	1236	1	
0.05	200	0.25	128 days, 13:22:33	3	852	1	
0.05	200	0.25	123 days, 21:07:51	7	59	1	
0.05	200	0.25	466 days, 21:41:13	5	1625	1	
0.05	200	0.25	168 days, 22:30:01	16	1260	1	
0.05	200	0.25	285 days, 12:11:25	4	531	1	
0.05	200	0.25	366 days, 9:44:40	12	919	1	
0.05	200	0.25	161 days, 23:38:41	3	1719	1	
0.05	200	0.25	335 days, 23:04:57	26	1299	1	
0.05	200	0.25	389 days, 20:05:35	8	1981	1	
0.05	200	0.25	216 days, 22:29:07	4	1688	1	
0.05	200	0.25	97 days, 2:22:16	11	597	1	
0.05	200	0.25	194 days, 15:22:01	7	1846	1	
0.05	200	0.25	200 days, 8:59:28	7	3008	1	
0.05	200	0.25	255 days, 20:40:06	9	2029	1	
0.05	200	0.25	191 days, 13:06:01	31	1568	1	
0.05	200	0.25	224 days, 19:21:44	9	2186	1	
0.05	200	0.25	299 days, 8:25:33	3	606	1	
0.05	200	0.25	309 days, 15:31:32	19	606	1	
0.05	200	0.25	390 days, 9:58:09	11	1328	1	
0.05	200	0.25	188 days, 1:53:11	12	1802	1	
0.05	200	0.25	181 days, 13:41:21	12	1499	1	
0.05	200	0.25	383 days, 19:27:36	6	2049	1	
0.05	200	0.25	253 days, 9:21:03	2	1637	1	
0.05	200	0.25	409 days, 21:23:33	5	1658	1	
0.05	200	0.25	255 days, 2:13:56	2	1839	1	
0.05	200	0.25	216 days, 2:20:11	4	1833	1	
0.05	200	0.25	456 days, 7:25:11	3	2067	1	
0.05	200	0.25	455 days, 17:11:55	7	1880	1	
0.05	200	0.25	263 days, 6:23:12	14	3178	1	
0.05	200	0.25	345 days, 21:48:18	1	1811	1	
0.05	200	0.25	456 days, 5:04:40	4	1931	1	
0.05	200	0.25	218 days, 1:22:48	12	2084	1	
0.05	200	0.25	199 days, 12:59:50	4	1658	1	
0.05	200	0.25	261 days, 15:39:38	4	1969	1	
0.05	200	0.25	442 days, 8:57:55	6	1832	1	
0.05	200	0.25	177 days, 23:21:36	14	2013	1	
0.05	200	0.25	234 days, 0:53:23	13	164	1	
0.05	200	0.25	187 days, 11:19:38	7	2028	1	
0.05	200	0.25	280 days, 17:21:10	4	1499	1	
0.05	200	0.25	382 days, 22:47:06	3	1817	1	
0.05	200	0.25	468 days, 20:12:38	7	2697	1	
0.05	200	0.25	103 days, 2:19:50	8	51	1	
0.05	200	0.25	201 days, 2:18:36	4	2012	1	
0.05	200	0.25	358 days, 16:53:59	29	1328	1	
0.05	200	0.25	220 days, 4:27:05	6	2508	1	
0.05	200	0.25	456 days, 9:51:31	13	2387	1	
0.05	200	0.25	185 days, 18:42:08	4	1834	1	
0.05	200	0.25	409 days, 9:33:18	6	1562	1	
0.05	200	0.25	441 days, 14:27:43	8	1659	1	
0.05	200	0.25	409 days, 21:23:33	9	1658	1	
0.05	200	0.25	366 days, 9:44:40	21	919	1	
0.05	200	0.25	261 days, 15:11:30	5	1953	1	
0.05	200	0.25	49 days, 3:24:25	4	546	1	
0.05	200	0.25	443 days, 6:38:51	8	2387	1	
0.05	200	0.25	0:00:00	0	129	1	
0.05	200	0.25	468 days, 15:17:33	6	2049	1	
0.05	200	0.25	442 days, 5:07:15	9	1794	1	
0.05	200	0.25	125 days, 0:26:50	16	919	1	
0.05	200	0.25	467 days, 19:17:26	1	1828	1	
0.05	200	0.25	218 days, 3:26:31	6	2356	1	
0.05	200	0.25	410 days, 11:33:41	5	1777	1	
0.05	200	0.25	205 days, 20:46:11	19	1260	1	
0.05	200	0.25	216 days, 21:45:58	6	2112	1	
0.05	200	0.25	369 days, 23:16:05	5	1756	1	
0.05	200	0.25	243 days, 18:48:46	9	551	1	
0.05	200	0.25	253 days, 20:20:51	14	1568	1	
0.05	200	0.25	441 days, 10:31:10	4	1629	1	
0.05	200	0.25	44 days, 1:31:00	9	630	1	
0.05	200	0.25	180 days, 23:09:59	18	1499	1	
0.05	200	0.25	223 days, 4:38:31	8	1658	1	
0.05	200	0.25	237 days, 8:24:26	7	176	1	
0.05	200	0.25	184 days, 3:43:19	5	1658	1	
0.05	200	0.25	184 days, 13:50:22	8	2356	1	
0.05	200	0.25	275 days, 10:02:09	3	546	1	
0.05	200	0.25	441 days, 15:29:16	6	1666	1	
0.05	200	0.25	123 days, 21:07:51	7	59	1	
0.05	200	0.25	218 days, 4:35:34	10	2436	1	
0.05	200	0.25	187 days, 13:11:51	6	2267	1	
0.05	200	0.25	263 days, 19:55:02	6	2496	1	
0.05	200	0.25	215 days, 0:16:00	5	2360	1	
0.05	200	0.25	257 days, 20:53:53	8	2936	1	
0.05	200	0.25	266 days, 18:50:56	2	1499	1	
0.05	200	0.25	206 days, 1:43:35	3	1839	1	
0.05	200	0.25	292 days, 21:03:13	2	2496	1	
0.05	200	0.25	236 days, 15:21:34	5	1745	1	
0.05	200	0.25	467 days, 0:26:25	2	1643	1	
0.05	200	0.25	291 days, 1:44:48	4	498	1	
0.05	200	0.25	101 days, 23:10:31	8	581	1	
0.05	200	0.25	195 days, 7:12:02	6	3180	1	
0.05	200	0.25	387 days, 23:17:32	2	1587	1	
0.05	200	0.25	213 days, 0:37:37	7	1591	1	
0.05	200	0.25	290 days, 23:31:26	4	1624	1	
0.05	200	0.25	456 days, 8:07:35	11	2159	1	
0.05	200	0.25	319 days, 6:53:36	4	1646	1	
0.05	200	0.25	409 days, 10:26:23	3	1620	1	
0.05	200	0.25	201 days, 18:39:56	3	2012	1	
0.05	200	0.25	289 days, 16:27:03	13	471	1	
0.05	200	0.25	101 days, 20:48:31	2	318	1	
0.05	200	0.25	468 days, 15:20:44	9	2051	1	
0.05	200	0.25	179 days, 8:26:52	6	1915	1	
0.05	200	0.25	278 days, 4:38:30	6	1881	1	
0.05	200	0.25	27 days, 15:39:27	5	546	1	
0.05	200	0.25	76 days, 4:47:22	11	835	1	
0.05	200	0.25	370 days, 23:53:40	3	2140	1	
0.05	200	0.25	443 days, 7:38:15	11	2465	1	
0.05	200	0.25	454 days, 4:50:50	7	1553	1	
0.05	200	0.25	87 days, 8:51:15	9	551	1	
0.05	200	0.25	87 days, 1:40:55	11	539	1	
0.05	200	0.25	271 days, 19:14:31	28	1440	1	
0.05	200	0.25	209 days, 18:19:45	10	1299	1	
0.05	200	0.25	291 days, 3:36:25	4	1658	1	
0.05	200	0.25	300 days, 21:01:15	10	3082	1	
0.05	200	0.25	278 days, 4:15:27	7	1872	1	
0.05	200	0.25	123 days, 19:37:23	7	852	1	
0.05	200	0.25	261 days, 4:30:51	6	1631	1	
0.05	200	0.25	211 days, 13:20:20	3	129	1	
0.05	200	0.25	321 days, 1:35:25	10	2593	1	
0.05	200	0.25	216 days, 11:35:55	4	1658	1	
0.05	200	0.25	390 days, 7:00:49	4	3229	1	
0.05	200	0.25	454 days, 17:40:23	2	1661	1	
0.05	200	0.25	244 days, 22:33:01	12	630	1	
0.05	200	0.25	301 days, 17:43:48	8	4091	1	
0.05	200	0.25	207 days, 20:31:13	7	2013	1	
0.05	200	0.25	277 days, 15:22:41	3	366	1	
0.05	200	0.25	467 days, 18:37:03	5	1818	1	
0.05	200	0.25	147 days, 19:25:13	6	606	1	
0.05	200	0.25	345 days, 21:49:16	6	1816	1	
0.05	200	0.25	257 days, 17:19:15	13	2421	1	
0.05	200	0.25	196 days, 0:42:52	15	3888	1	
0.05	200	0.25	390 days, 0:44:24	7	2511	1	
0.05	200	0.25	214 days, 1:02:49	6	2184	1	
0.05	200	0.25	214 days, 0:27:15	2	606	1	
0.05	200	0.25	198 days, 20:53:25	2	1641	1	
0.05	200	0.25	189 days, 11:59:59	7	2357	1	
0.05	200	0.25	262 days, 21:11:06	6	2077	1	
0.05	200	0.25	275 days, 10:02:09	7	546	1	
0.05	200	0.25	309 days, 16:15:21	19	610	1	
0.05	200	0.25	262 days, 6:34:14	2	1872	1	
0.05	200	0.25	223 days, 2:48:58	4	1639	1	
0.05	200	0.25	187 days, 17:57:50	4	1633	1	
0.05	200	0.25	193 days, 19:47:44	3	2257	1	
0.05	200	0.25	201 days, 22:52:08	9	2511	1	
0.05	200	0.25	212 days, 7:27:39	5	1631	1	
0.05	200	0.25	229 days, 12:05:21	1	2054	1	
0.05	200	0.25	149 days, 13:26:56	4	2363	1	
0.05	200	0.25	345 days, 20:58:11	13	1804	1	
0.05	200	0.25	370 days, 23:27:15	8	2069	1	
0.05	200	0.25	371 days, 4:56:48	9	2843	1	
0.05	200	0.25	411 days, 8:59:55	5	1934	1	
0.05	200	0.25	467 days, 14:25:21	4	1705	1	
0.05	200	0.25	185 days, 15:11:38	5	1699	1	
0.05	200	0.25	410 days, 18:37:31	10	1854	1	
0.05	200	0.25	467 days, 0:58:48	5	1645	1	
0.05	200	0.25	298 days, 22:11:35	14	551	1	
0.05	200	0.25	467 days, 1:42:59	4	1658	1	
0.05	200	0.25	298 days, 22:11:35	18	551	1	
0.05	200	0.25	298 days, 20:20:48	15	546	1	
0.05	200	0.25	204 days, 22:23:34	9	1650	1	
0.05	200	0.25	282 days, 23:10:13	3	1378	1	
0.05	200	0.25	237 days, 17:45:16	7	2356	1	