1874	2951
1144	2439
1669	1840
1258	1544
453	1454
999	1107
1159	987
1625	745
1287	710
1899	662
1963	554
1586	538
1440	531
1377	507
1889	466
1706	461
511	457
1998	440
895	398
1833	397
869	394
1768	351
56	342
203	337
993	305
1987	297
1876	294
246	282
585	278
713	247
1792	245
1277	241
350	236
1839	235
1952	230
412	230
1576	228
155	220
1369	219
852	211
465	208
1974	204
1906	196
1522	193
1120	193
1198	189
1278	186
1151	185
1323	183
278	183
21	182
217	179
329	176
691	175
1751	174
1587	168
1510	157
419	156
1	155
547	153
411	146
702	145
1306	143
829	140
1894	139
1701	137
479	131
457	128
2027	125
1550	119
730	119
1878	114
737	113
841	108
1629	107
539	100
690	98
1619	94
266	94
1501	91
80	91
34	89
558	87
574	86
1444	85
1241	84
1670	82
536	82
1580	81
1430	81
410	79
120	79
1881	77
817	77
1981	76
165	74
1195	72
827	72
630	72
1953	70
1767	66
1594	66
1830	65
1052	61
449	61
2006	60
904	59
556	59
1179	58
12	58
25	57
1269	56
24	55
1380	53
1019	52
798	52
794	51
47	51
1813	50
980	47
1393	46
272	46
306	45
1080	43
1969	40
1770	40
1976	39
31	39
1748	38
943	38
245	38
84	37
1845	36
1091	36
1674	35
1467	35
1309	35
890	35
434	35
1743	34
90	34
403	33
153	33
1942	32
1214	32
1073	32
430	32
572	31
535	31
476	31
14	31
1563	30
1135	30
1058	30
833	30
723	30
1962	29
796	29
641	29
301	29
634	27
628	27
151	27
1434	26
359	26
1956	25
1626	25
1601	25
1465	25
1291	25
1011	25
867	25
115	25
1858	24
1663	24
898	24
728	24
599	24
211	24
104	24
1426	23
1194	23
1070	23
965	23
668	23
362	23
1955	22
1453	22
1158	22
897	22
383	22
358	22
2001	21
605	21
1844	20
1402	20
656	20
553	20
1919	19
429	19
352	19
916	18
853	18
1816	17
1358	17
1192	17
903	17
386	17
345	17
279	17
119	17
45	17
1930	16
1523	16
991	16
939	16
732	16
466	16
177	16
1992	15
1260	15
1220	15
1081	15
521	15
385	15
284	15
229	15
1857	14
1732	14
1536	14
1486	14
1431	14
1191	14
220	14
205	14
1490	13
1448	13
1435	13
1410	13
1239	13
1187	13
195	13
146	13
96	13
1880	12
1854	12
1680	12
1480	12
1234	12
1189	12
928	12
918	12
316	12
243	12
2010	11
1995	11
1966	11
1912	11
1782	11
1520	11
1424	11
1398	11
1149	11
978	11
92	11
1911	10
1826	10
1818	10
1780	10
1727	10
1718	10
1505	10
1021	10
995	10
963	10
855	10
704	10
666	10
658	10
622	10
257	10
227	10
179	10
17	10
2011	9
1997	9
1807	9
1694	9
1689	9
1541	9
1500	9
1497	9
1382	9
1267	9
1235	9
902	9
795	9
579	9
526	9
366	9
333	9
248	9
209	9
117	9
109	9
105	9
64	9
60	9
38	9
11	9
1918	8
1903	8
1849	8
1691	8
1504	8
1303	8
983	8
938	8
569	8
423	8
375	8
312	8
184	8
55	8
1989	7
1927	7
1825	7
1773	7
1763	7
1731	7
1690	7
1415	7
1225	7
654	7
620	7
542	7
450	7
369	7
293	7
265	7
210	7
76	7
15	7
2012	6
1907	6
1838	6
1798	6
1749	6
1742	6
1698	6
1673	6
1652	6
1650	6
1643	6
1617	6
1578	6
1556	6
1549	6
1394	6
1274	6
1272	6
1238	6
998	6
990	6
945	6
892	6
872	6
868	6
760	6
747	6
683	6
644	6
627	6
624	6
615	6
603	6
549	6
513	6
492	6
463	6
443	6
440	6
420	6
390	6
291	6
282	6
275	6
261	6
178	6
142	6
121	6
97	6
93	6
26	6
1988	5
1950	5
1914	5
1870	5
1831	5
1754	5
1697	5
1488	5
1479	5
1471	5
1253	5
1061	5
1039	5
1018	5
1004	5
973	5
870	5
863	5
824	5
819	5
808	5
738	5
697	5
653	5
612	5
604	5
580	5
551	5
488	5
319	5
292	5
239	5
199	5
122	5
118	5
1920	4
1852	4
1846	4
1843	4
1803	4
1747	4
1721	4
1719	4
1715	4
1684	4
1672	4
1639	4
1547	4
1526	4
1475	4
1413	4
1405	4
1392	4
1363	4
1285	4
1203	4
1176	4
1167	4
1160	4
1155	4
1124	4
1085	4
1047	4
1020	4
1009	4
1005	4
956	4
899	4
891	4
757	4
735	4
734	4
686	4
629	4
626	4
584	4
517	4
480	4
472	4
436	4
424	4
421	4
418	4
391	4
379	4
377	4
361	4
339	4
330	4
303	4
253	4
249	4
197	4
187	4
166	4
148	4
58	4
39	4
2028	3
2015	3
2014	3
1993	3
1990	3
1975	3
1951	3
1892	3
1868	3
1841	3
1829	3
1805	3
1785	3
1756	3
1688	3
1685	3
1675	3
1667	3
1649	3
1638	3
1634	3
1616	3
1611	3
1565	3
1551	3
1538	3
1530	3
1524	3
1499	3
1495	3
1494	3
1484	3
1381	3
1353	3
1342	3
1340	3
1337	3
1324	3
1320	3
1299	3
1281	3
1268	3
1244	3
1228	3
1218	3
1200	3
1186	3
1175	3
1154	3
1110	3
1100	3
1076	3
1066	3
1034	3
1023	3
994	3
989	3
933	3
930	3
925	3
866	3
859	3
803	3
786	3
783	3
763	3
756	3
750	3
712	3
708	3
698	3
674	3
659	3
633	3
616	3
614	3
583	3
575	3
555	3
531	3
516	3
509	3
502	3
486	3
464	3
462	3
459	3
441	3
415	3
396	3
388	3
376	3
347	3
325	3
317	3
313	3
290	3
276	3
247	3
188	3
163	3
149	3
114	3
112	3
91	3
71	3
44	3
2025	2
2022	2
1996	2
1994	2
1960	2
1948	2
1917	2
1913	2
1898	2
1896	2
1887	2
1856	2
1823	2
1819	2
1817	2
1814	2
1811	2
1808	2
1806	2
1801	2
1783	2
1774	2
1769	2
1766	2
1762	2
1755	2
1739	2
1738	2
1734	2
1717	2
1716	2
1712	2
1709	2
1705	2
1702	2
1693	2
1681	2
1668	2
1662	2
1653	2
1651	2
1644	2
1614	2
1604	2
1602	2
1599	2
1566	2
1558	2
1557	2
1554	2
1552	2
1539	2
1507	2
1506	2
1496	2
1493	2
1473	2
1468	2
1460	2
1457	2
1445	2
1443	2
1425	2
1420	2
1419	2
1399	2
1391	2
1389	2
1388	2
1387	2
1372	2
1368	2
1366	2
1365	2
1354	2
1336	2
1330	2
1317	2
1310	2
1305	2
1304	2
1290	2
1289	2
1245	2
1232	2
1231	2
1227	2
1209	2
1208	2
1205	2
1201	2
1190	2
1180	2
1163	2
1146	2
1134	2
1118	2
1114	2
1113	2
1103	2
1102	2
1096	2
1087	2
1069	2
1062	2
1042	2
1002	2
992	2
985	2
984	2
958	2
940	2
935	2
931	2
885	2
882	2
876	2
864	2
857	2
849	2
839	2
832	2
831	2
825	2
821	2
820	2
815	2
812	2
807	2
806	2
799	2
791	2
780	2
770	2
752	2
727	2
725	2
722	2
721	2
718	2
711	2
703	2
701	2
678	2
667	2
662	2
655	2
635	2
631	2
597	2
596	2
594	2
592	2
578	2
576	2
570	2
565	2
552	2
529	2
525	2
519	2
508	2
494	2
490	2
487	2
470	2
469	2
448	2
442	2
426	2
425	2
413	2
404	2
400	2
397	2
382	2
380	2
373	2
348	2
344	2
343	2
323	2
321	2
314	2
295	2
251	2
224	2
201	2
191	2
186	2
176	2
160	2
158	2
156	2
150	2
145	2
134	2
132	2
126	2
106	2
98	2
57	2
52	2
35	2
28	2
22	2
13	2
9	2
7	2
2	2
2029	1
2023	1
2019	1
2018	1
2017	1
2016	1
2008	1
2005	1
2004	1
2003	1
2002	1
1991	1
1986	1
1985	1
1984	1
1982	1
1979	1
1978	1
1973	1
1971	1
1970	1
1968	1
1965	1
1946	1
1943	1
1940	1
1939	1
1937	1
1936	1
1935	1
1934	1
1933	1
1929	1
1928	1
1926	1
1925	1
1923	1
1922	1
1921	1
1916	1
1915	1
1910	1
1905	1
1904	1
1901	1
1895	1
1893	1
1873	1
1872	1
1869	1
1867	1
1863	1
1861	1
1859	1
1855	1
1851	1
1850	1
1848	1
1840	1
1836	1
1835	1
1834	1
1832	1
1824	1
1822	1
1821	1
1815	1
1810	1
1804	1
1795	1
1794	1
1793	1
1791	1
1788	1
1786	1
1784	1
1781	1
1778	1
1776	1
1765	1
1764	1
1761	1
1750	1
1746	1
1741	1
1740	1
1737	1
1735	1
1730	1
1726	1
1724	1
1722	1
1714	1
1713	1
1711	1
1710	1
1707	1
1700	1
1699	1
1696	1
1695	1
1679	1
1678	1
1677	1
1676	1
1665	1
1661	1
1659	1
1654	1
1648	1
1646	1
1645	1
1633	1
1632	1
1631	1
1621	1
1620	1
1615	1
1613	1
1610	1
1609	1
1608	1
1606	1
1598	1
1597	1
1593	1
1592	1
1590	1
1588	1
1581	1
1577	1
1575	1
1571	1
1570	1
1568	1
1564	1
1560	1
1559	1
1555	1
1548	1
1544	1
1543	1
1534	1
1533	1
1532	1
1528	1
1527	1
1525	1
1521	1
1512	1
1511	1
1509	1
1508	1
1503	1
1498	1
1492	1
1487	1
1482	1
1481	1
1477	1
1472	1
1469	1
1466	1
1462	1
1459	1
1455	1
1454	1
1450	1
1447	1
1439	1
1438	1
1437	1
1432	1
1422	1
1421	1
1409	1
1408	1
1407	1
1403	1
1400	1
1396	1
1390	1
1386	1
1383	1
1375	1
1373	1
1370	1
1362	1
1361	1
1356	1
1349	1
1347	1
1338	1
1332	1
1331	1
1329	1
1326	1
1325	1
1319	1
1316	1
1313	1
1296	1
1295	1
1293	1
1292	1
1288	1
1286	1
1283	1
1280	1
1279	1
1276	1
1270	1
1264	1
1262	1
1259	1
1256	1
1255	1
1250	1
1247	1
1229	1
1226	1
1224	1
1219	1
1213	1
1212	1
1207	1
1202	1
1193	1
1185	1
1184	1
1178	1
1172	1
1171	1
1170	1
1169	1
1166	1
1153	1
1148	1
1147	1
1142	1
1140	1
1139	1
1137	1
1136	1
1133	1
1132	1
1131	1
1129	1
1128	1
1127	1
1126	1
1125	1
1123	1
1112	1
1111	1
1107	1
1105	1
1098	1
1097	1
1094	1
1093	1
1092	1
1090	1
1089	1
1088	1
1084	1
1083	1
1082	1
1078	1
1075	1
1072	1
1071	1
1067	1
1064	1
1060	1
1057	1
1056	1
1049	1
1048	1
1046	1
1044	1
1040	1
1037	1
1036	1
1035	1
1032	1
1031	1
1030	1
1028	1
1027	1
1024	1
1022	1
1015	1
1014	1
1013	1
1012	1
1008	1
997	1
988	1
981	1
975	1
971	1
968	1
967	1
966	1
964	1
962	1
961	1
960	1
955	1
951	1
950	1
949	1
948	1
944	1
934	1
924	1
923	1
922	1
920	1
915	1
914	1
909	1
906	1
905	1
901	1
900	1
896	1
889	1
888	1
887	1
886	1
884	1
881	1
874	1
873	1
861	1
860	1
851	1
846	1
845	1
844	1
840	1
835	1
834	1
828	1
826	1
818	1
816	1
813	1
804	1
801	1
800	1
790	1
789	1
788	1
785	1
777	1
776	1
774	1
771	1
769	1
768	1
767	1
765	1
761	1
758	1
751	1
749	1
742	1
741	1
733	1
731	1
729	1
724	1
720	1
717	1
714	1
699	1
695	1
694	1
692	1
687	1
682	1
676	1
672	1
671	1
670	1
669	1
665	1
664	1
660	1
652	1
650	1
649	1
646	1
643	1
639	1
636	1
623	1
617	1
613	1
611	1
607	1
602	1
600	1
590	1
589	1
587	1
586	1
581	1
571	1
568	1
566	1
562	1
561	1
560	1
559	1
557	1
544	1
541	1
537	1
530	1
527	1
524	1
518	1
514	1
510	1
507	1
506	1
504	1
485	1
484	1
483	1
481	1
478	1
477	1
468	1
458	1
455	1
451	1
437	1
435	1
431	1
417	1
416	1
414	1
402	1
395	1
393	1
392	1
387	1
384	1
381	1
378	1
374	1
372	1
371	1
370	1
368	1
365	1
364	1
360	1
355	1
340	1
338	1
337	1
335	1
334	1
328	1
327	1
326	1
311	1
307	1
302	1
300	1
299	1
298	1
297	1
294	1
289	1
285	1
283	1
280	1
269	1
268	1
264	1
262	1
255	1
254	1
242	1
240	1
235	1
234	1
233	1
231	1
222	1
221	1
219	1
218	1
213	1
212	1
208	1
207	1
204	1
200	1
196	1
194	1
189	1
182	1
175	1
174	1
173	1
171	1
168	1
162	1
154	1
147	1
144	1
141	1
140	1
139	1
136	1
130	1
127	1
125	1
123	1
113	1
111	1
108	1
102	1
95	1
94	1
89	1
85	1
77	1
75	1
74	1
73	1
72	1
66	1
61	1
54	1
53	1
51	1
49	1
48	1
46	1
42	1
41	1
40	1
37	1
36	1
33	1
30	1
27	1
23	1
19	1
16	1
10	1
6	1
4	1
3	1
2026	0
2024	0
2021	0
2020	0
2013	0
2009	0
2007	0
2000	0
1999	0
1983	0
1980	0
1977	0
1972	0
1967	0
1964	0
1961	0
1959	0
1958	0
1957	0
1954	0
1949	0
1947	0
1945	0
1944	0
1941	0
1938	0
1932	0
1931	0
1924	0
1909	0
1908	0
1902	0
1900	0
1897	0
1891	0
1890	0
1888	0
1886	0
1885	0
1884	0
1883	0
1882	0
1879	0
1877	0
1875	0
1871	0
1866	0
1865	0
1864	0
1862	0
1860	0
1853	0
1847	0
1842	0
1837	0
1828	0
1827	0
1820	0
1812	0
1809	0
1802	0
1800	0
1799	0
1797	0
1796	0
1790	0
1789	0
1787	0
1779	0
1777	0
1775	0
1772	0
1771	0
1760	0
1759	0
1758	0
1757	0
1753	0
1752	0
1745	0
1744	0
1736	0
1733	0
1729	0
1728	0
1725	0
1723	0
1720	0
1708	0
1704	0
1703	0
1692	0
1687	0
1686	0
1683	0
1682	0
1671	0
1666	0
1664	0
1660	0
1658	0
1657	0
1656	0
1655	0
1647	0
1642	0
1641	0
1640	0
1637	0
1636	0
1635	0
1630	0
1628	0
1627	0
1624	0
1623	0
1622	0
1618	0
1612	0
1607	0
1605	0
1603	0
1600	0
1596	0
1595	0
1591	0
1589	0
1585	0
1584	0
1583	0
1582	0
1579	0
1574	0
1573	0
1572	0
1569	0
1567	0
1562	0
1561	0
1553	0
1546	0
1545	0
1542	0
1540	0
1537	0
1535	0
1531	0
1529	0
1519	0
1518	0
1517	0
1516	0
1515	0
1514	0
1513	0
1502	0
1491	0
1489	0
1485	0
1483	0
1478	0
1476	0
1474	0
1470	0
1464	0
1463	0
1461	0
1458	0
1456	0
1452	0
1451	0
1449	0
1446	0
1442	0
1441	0
1436	0
1433	0
1429	0
1428	0
1427	0
1423	0
1418	0
1417	0
1416	0
1414	0
1412	0
1411	0
1406	0
1404	0
1401	0
1397	0
1395	0
1385	0
1384	0
1379	0
1378	0
1376	0
1374	0
1371	0
1367	0
1364	0
1360	0
1359	0
1357	0
1355	0
1352	0
1351	0
1350	0
1348	0
1346	0
1345	0
1344	0
1343	0
1341	0
1339	0
1335	0
1334	0
1333	0
1328	0
1327	0
1322	0
1321	0
1318	0
1315	0
1314	0
1312	0
1311	0
1308	0
1307	0
1302	0
1301	0
1300	0
1298	0
1297	0
1294	0
1284	0
1282	0
1275	0
1273	0
1271	0
1266	0
1265	0
1263	0
1261	0
1257	0
1254	0
1252	0
1251	0
1249	0
1248	0
1246	0
1243	0
1242	0
1240	0
1237	0
1236	0
1233	0
1230	0
1223	0
1222	0
1221	0
1217	0
1216	0
1215	0
1211	0
1210	0
1206	0
1204	0
1199	0
1197	0
1196	0
1188	0
1183	0
1182	0
1181	0
1177	0
1174	0
1173	0
1168	0
1165	0
1164	0
1162	0
1161	0
1157	0
1156	0
1152	0
1150	0
1145	0
1143	0
1141	0
1138	0
1130	0
1122	0
1121	0
1119	0
1117	0
1116	0
1115	0
1109	0
1108	0
1106	0
1104	0
1101	0
1099	0
1095	0
1086	0
1079	0
1077	0
1074	0
1068	0
1065	0
1063	0
1059	0
1055	0
1054	0
1053	0
1051	0
1050	0
1045	0
1043	0
1041	0
1038	0
1033	0
1029	0
1026	0
1025	0
1017	0
1016	0
1010	0
1007	0
1006	0
1003	0
1001	0
1000	0
996	0
987	0
986	0
982	0
979	0
977	0
976	0
974	0
972	0
970	0
969	0
959	0
957	0
954	0
953	0
952	0
947	0
946	0
942	0
941	0
937	0
936	0
932	0
929	0
927	0
926	0
921	0
919	0
917	0
913	0
912	0
911	0
910	0
908	0
907	0
894	0
893	0
883	0
880	0
879	0
878	0
877	0
875	0
871	0
865	0
862	0
858	0
856	0
854	0
850	0
848	0
847	0
843	0
842	0
838	0
837	0
836	0
830	0
823	0
822	0
814	0
811	0
810	0
809	0
805	0
802	0
797	0
793	0
792	0
787	0
784	0
782	0
781	0
779	0
778	0
775	0
773	0
772	0
766	0
764	0
762	0
759	0
755	0
754	0
753	0
748	0
746	0
745	0
744	0
743	0
740	0
739	0
736	0
726	0
719	0
716	0
715	0
710	0
709	0
707	0
706	0
705	0
700	0
696	0
693	0
689	0
688	0
685	0
684	0
681	0
680	0
679	0
677	0
675	0
673	0
663	0
661	0
657	0
651	0
648	0
647	0
645	0
642	0
640	0
638	0
637	0
632	0
625	0
621	0
619	0
618	0
610	0
609	0
608	0
606	0
601	0
598	0
595	0
593	0
591	0
588	0
582	0
577	0
573	0
567	0
564	0
563	0
554	0
550	0
548	0
546	0
545	0
543	0
540	0
538	0
534	0
533	0
532	0
528	0
523	0
522	0
520	0
515	0
512	0
505	0
503	0
501	0
500	0
499	0
498	0
497	0
496	0
495	0
493	0
491	0
489	0
482	0
475	0
474	0
473	0
471	0
467	0
461	0
460	0
456	0
454	0
452	0
447	0
446	0
445	0
444	0
439	0
438	0
433	0
432	0
428	0
427	0
422	0
409	0
408	0
407	0
406	0
405	0
401	0
399	0
398	0
394	0
389	0
367	0
363	0
357	0
356	0
354	0
353	0
351	0
349	0
346	0
342	0
341	0
336	0
332	0
331	0
324	0
322	0
320	0
318	0
315	0
310	0
309	0
308	0
305	0
304	0
296	0
288	0
287	0
286	0
281	0
277	0
274	0
273	0
271	0
270	0
267	0
263	0
260	0
259	0
258	0
256	0
252	0
250	0
244	0
241	0
238	0
237	0
236	0
232	0
230	0
228	0
226	0
225	0
223	0
216	0
215	0
214	0
206	0
202	0
198	0
193	0
192	0
190	0
185	0
183	0
181	0
180	0
172	0
170	0
169	0
167	0
164	0
161	0
159	0
157	0
152	0
143	0
138	0
137	0
135	0
133	0
131	0
129	0
128	0
124	0
116	0
110	0
107	0
103	0
101	0
100	0
99	0
88	0
87	0
86	0
83	0
82	0
81	0
79	0
78	0
70	0
69	0
68	0
67	0
65	0
63	0
62	0
59	0
50	0
43	0
32	0
29	0
20	0
18	0
8	0
5	0
