1669	0.063323839163
1874	0.0515147107939
453	0.0425200434343
1287	0.0228472596414
1258	0.0180057823437
895	0.0160671913446
1706	0.0146456616777
56	0.0107860331578
999	0.0105610447601
1144	0.0104902292028
869	0.010002223283
246	0.00965129328917
1159	0.00948780599478
993	0.00742570680465
1876	0.00731120965485
1277	0.00668209480258
278	0.0066270159304
1586	0.00657929334527
713	0.00584602135826
1440	0.00583012938822
1768	0.0057760198888
1377	0.00576546207509
691	0.00507578192127
511	0.00500498356575
1833	0.00488552136777
1963	0.00484362490918
203	0.0047535502476
1899	0.00455884428998
702	0.00453166364089
350	0.00452950401331
1952	0.00447132665267
1906	0.00445202753544
1839	0.00418076786846
1998	0.00414737041326
2027	0.00404850709743
155	0.00379028127943
730	0.00376722611588
329	0.00342225116635
547	0.00340016609537
1701	0.00317229953802
829	0.00288008572652
1987	0.0027894237524
1550	0.00277314464042
1	0.00270914283087
585	0.00269617367496
1881	0.00262227923849
412	0.002472309411
1629	0.00233648255728
1953	0.00225621187002
411	0.00224924930908
1587	0.00222691289718
630	0.00215515275619
852	0.002040310759
1974	0.00202562432006
1813	0.00196547101763
1619	0.00195593469643
1751	0.0018927420814
1792	0.00186342518046
1625	0.00184178299501
1120	0.00177101785913
1278	0.00175645762501
465	0.00163083015592
266	0.00159067654936
1369	0.00153592979282
798	0.00148480815545
21	0.00146432334131
727	0.00143640406534
1522	0.00135337052401
1576	0.00128623839211
517	0.00122020768137
1665	0.00122020768137
1764	0.00122020768137
1093	0.00122020768137
649	0.00122020768137
1571	0.00122020768137
1226	0.00122020768137
815	0.00122020768137
1711	0.00122020768137
682	0.00122020768137
1651	0.00122020768137
596	0.00122020768137
1046	0.00122020768137
812	0.00122020768137
765	0.00122020768137
1392	0.00122020768137
1548	0.00122020768137
1511	0.00122020768137
1032	0.00122020768137
1714	0.00122020768137
275	0.00122020768137
1021	0.00122020768137
622	0.00122020768137
1220	0.00122020768137
1626	0.00122020768137
217	0.00117589712383
1151	0.00113285654219
1393	0.00109459422161
1510	0.00108190375229
599	0.00106265007675
539	0.00106182694511
301	0.00105742447275
1323	0.00103734615793
1091	0.00100294105284
466	0.000996433992181
1601	0.000991562671344
991	0.000986621185307
1956	0.000985400269208
415	0.000981774751232
1748	0.000976157808288
211	0.000968229484068
634	0.000946363212796
536	0.0009459682989
1274	0.000939327584287
279	0.000934165577354
84	0.000923053995247
359	0.000922436802424
1500	0.000884511475419
457	0.000884387562286
1770	0.000879269469462
1878	0.000867546209837
831	0.00085543476185
245	0.000848707979038
535	0.000832266195405
1955	0.000830753579318
898	0.000827797389034
817	0.000824778582771
761	0.000819315123839
1894	0.000817410534963
841	0.000812145840013
153	0.00080871548649
658	0.000793994955108
31	0.000788715883233
476	0.000781997327416
833	0.000781262147893
1269	0.000778048750589
227	0.000761451975085
1504	0.000753643535208
808	0.000747154312957
1198	0.000736008382315
1563	0.000724092674783
1501	0.000722978088267
375	0.000721406392897
1415	0.00071894071692
1880	0.00071133775568
690	0.000684471671371
120	0.000682264225884
1670	0.000678137446774
1358	0.000677387503824
419	0.000669892184497
205	0.000668803668103
1192	0.000666966848047
179	0.000666046356193
410	0.000664148557882
90	0.000660679779507
1179	0.000645108027786
195	0.000644013139377
1743	0.000643532551184
902	0.000632526035299
383	0.000617865940087
1011	0.000610075581813
1930	0.000607865770071
1058	0.000602983710034
825	0.000598510719468
1238	0.000595126683951
1520	0.000594640362717
1580	0.000592692098521
1340	0.000591324660226
479	0.000590810099915
429	0.000587157869185
928	0.000585535923454
794	0.00058271017353
1803	0.000582603844412
1267	0.000581526497431
76	0.000574099265324
1918	0.00057148407578
1398	0.000569971953222
732	0.00056719367526
839	0.000561551952231
34	0.000559270646871
220	0.000557323623504
284	0.000556015009588
728	0.000555941579077
607	0.000545484380576
1631	0.000545484380576
801	0.000545484380576
968	0.000545484380576
1840	0.000545484380576
1521	0.000545484380576
1838	0.000544690344742
362	0.000543944138007
1989	0.000543597358545
1465	0.00053999740973
1480	0.000537795026683
1189	0.000534685175083
1080	0.000534336461831
104	0.000530803605981
361	0.000530015049154
1727	0.000523841565263
853	0.000521687870627
943	0.000520509866857
763	0.000517242216401
795	0.000510300210393
1857	0.000509688907716
1155	0.000505812862698
1966	0.000505752119644
2010	0.00050547836822
1780	0.000504033329189
575	0.000498475698969
1190	0.000497357292541
938	0.000493009302829
151	0.000491791951293
1309	0.000491667739313
1805	0.000490408476281
1061	0.000490383595037
521	0.00048728192779
229	0.000484862561915
1187	0.000484499722592
963	0.00047916579384
1767	0.000477367067044
1826	0.000476271561356
1499	0.000474704067671
12	0.000474188908307
1490	0.00047006874187
1435	0.000466346233564
47	0.000465171419533
2006	0.00046477713428
1497	0.000463786412659
1092	0.000462387360906
671	0.000462387360906
1919	0.000460995019308
1505	0.00046052494974
345	0.0004550552822
1234	0.000454431412259
1306	0.000448624097356
1363	0.000443456311171
1680	0.000439623226318
1609	0.000435526011051
293	0.000432676392611
891	0.00043111855176
1149	0.000426065744126
306	0.00042387531912
247	0.000421955210574
38	0.000416363333868
1920	0.000416040363069
209	0.000415762253575
1536	0.000413591150794
1018	0.000413233374545
1912	0.00041319113492
142	0.000413171655703
624	0.000410955282962
620	0.0004088151096
248	0.00040568097631
1430	0.000404161024557
1763	0.000404144031559
480	0.000403859011051
396	0.000401751548278
855	0.000401258975375
995	0.000399997323907
1253	0.000399099597814
1541	0.000399086449826
1742	0.000398685679912
178	0.000396570455645
701	0.000396559582266
441	0.000395450493259
1154	0.000395450493259
1996	0.00039530123703
97	0.000394490684225
551	0.000391510221218
526	0.000390198588963
291	0.000389417431698
1825	0.000388651140766
17	0.000387822881585
485	0.000385960286231
542	0.000385184124183
1663	0.000384702841325
365	0.000384547949529
282	0.000382782331082
892	0.000380139317144
146	0.000378952405052
292	0.0003758059596
1690	0.000371645309524
312	0.000369097543996
25	0.000368759932058
1214	0.000367702800474
1911	0.000366445006439
1444	0.000362671347421
24	0.000362560308557
1479	0.000361684135501
819	0.000361684135501
251	0.000361461168563
760	0.000360999259703
872	0.000359444333903
26	0.000359444333903
868	0.000359444333903
1749	0.000359444333903
930	0.000359378342592
1290	0.000357109270939
1245	0.000357109270939
1523	0.000353954871361
298	0.000353787775806
1798	0.000352971283281
1698	0.000351816910158
1818	0.000351114272498
737	0.000350764227999
956	0.00035025733762
1870	0.000349026532973
1394	0.000348922251665
15	0.00034736980647
918	0.000347232495656
369	0.00034688118875
1303	0.000343341349517
1795	0.000342119932726
574	0.000341938800891
115	0.000341633748223
569	0.000341497999867
1098	0.000340780392632
1979	0.000340780392632
1895	0.000340780392632
566	0.000340780392632
1810	0.000340780392632
194	0.000340780392632
1060	0.000340780392632
268	0.000340780392632
699	0.000340780392632
1057	0.000340780392632
962	0.000340780392632
1450	0.000340780392632
289	0.000340780392632
1889	0.000340780392632
272	0.000338825559438
1484	0.000338666053332
583	0.000338666053332
994	0.000338666053332
1997	0.000338412063617
1594	0.00033651052372
1969	0.000336206189124
149	0.000335850254864
1685	0.00033576047779
1674	0.00033563843772
1689	0.000334910115069
1831	0.000333356011446
1830	0.00033331089467
990	0.00033150825525
199	0.00033023752704
1004	0.00033023752704
1034	0.000329341717353
165	0.000329283973194
1317	0.000325034826414
1372	0.000324612718969
1365	0.000324612718969
330	0.000323311433516
366	0.000321907465635
604	0.0003217950513
1293	0.000320360781272
749	0.000320360781272
818	0.000320360781272
1927	0.000318733669676
558	0.000317477595544
1988	0.00031741280614
440	0.000316651429283
1715	0.000316557706135
261	0.000316416170298
423	0.000315424884423
1272	0.000315290551736
390	0.000314279535931
1380	0.000313909778599
121	0.000313679791433
1039	0.000311416343401
849	0.000309904843018
449	0.000309121889908
1762	0.000308298411071
1426	0.000307690712094
1617	0.00030637512604
55	0.000306181075879
1076	0.000305633714773
1186	0.000305633714773
1241	0.000305207455905
1942	0.000304952315633
14	0.000303721292647
233	0.000303537286288
834	0.000303537286288
1353	0.0003012572647
377	0.000301030720177
1721	0.000301030720177
1672	0.000301030720177
1846	0.000301030720177
1160	0.000301030720177
1747	0.000301030720177
1844	0.000300663073318
603	0.000300441125157
421	0.000296715353095
683	0.000296049407253
1914	0.00029532192892
1695	0.000294121784238
374	0.000294121784238
997	0.000294121784238
488	0.000293893475855
118	0.000293711168617
387	0.000293562752465
1907	0.000293535631957
656	0.000292972591636
870	0.000292100408315
1852	0.000291056557857
556	0.0002907190577
983	0.000289623251374
741	0.000289036984661
915	0.000289036984661
443	0.000287878158385
470	0.000287409475745
494	0.000287178533129
1948	0.000287178533129
1195	0.00028653551116
697	0.000286013187154
122	0.000286013187154
134	0.000285956823266
1691	0.000285074043569
502	0.000284791772835
945	0.000284491569598
1667	0.00028378404232
1113	0.000283696727045
859	0.000282234400595
1194	0.000281941579178
352	0.000281811512967
385	0.00028125273302
1467	0.000279967230911
861	0.000279364164203
2014	0.000278149632669
177	0.000278054910171
904	0.000277900488159
1684	0.000277553479853
424	0.00027718331686
756	0.000276471838772
420	0.000276271912731
747	0.000276006141331
549	0.000276006141331
93	0.00027576796576
1405	0.000275438294212
513	0.000275373079113
827	0.000274947057155
1175	0.00027494574772
1014	0.000274758889694
615	0.000274728296367
333	0.000274225982352
1538	0.000274136771464
580	0.000273690144366
1337	0.000272601376213
1807	0.000272528108616
628	0.00027241634709
1471	0.000272394371643
1858	0.000272052574603
712	0.000271823913313
674	0.000271823913313
750	0.000271823913313
2015	0.000271823913313
486	0.000271823913313
114	0.000271823913313
1228	0.000271823913313
555	0.000271823913313
803	0.000271823913313
1951	0.000271823913313
1754	0.000271679991848
1697	0.000271273524293
463	0.000270961579293
668	0.000270786548475
492	0.000270660002225
1761	0.000270656381831
458	0.000270656381831
1928	0.000270656381831
302	0.000270656381831
1008	0.000270656381831
1454	0.000270656381831
1926	0.000270656381831
403	0.000270539791125
1085	0.000270521025197
391	0.000270521025197
98	0.000270027802985
1493	0.0002694913314
1009	0.000269353812503
40	0.00026899504354
579	0.000268428214923
654	0.000268305834716
734	0.000267629162389
373	0.000267230415172
2	0.000267230415172
820	0.000267230415172
824	0.000265806146092
386	0.000265714429957
472	0.000265651248268
58	0.000265651248268
1413	0.000265651248268
1291	0.00026454685875
1424	0.000263923197869
71	0.000263454981754
1488	0.000262676967237
41	0.000262491942678
1834	0.000262491942678
1678	0.000262491942678
1005	0.000262491942678
210	0.000261754896953
253	0.0002615840088
313	0.000261072288093
1381	0.000261072288093
1533	0.000261016261481
119	0.000260980691941
1962	0.000260922357398
96	0.000260852246123
572	0.000260773854364
973	0.000260705699896
1854	0.000260132175471
316	0.000259630190068
1638	0.000259468872726
1731	0.000258977635274
66	0.000258417322815
924	0.000258417322815
222	0.000258417322815
1402	0.000258256854806
249	0.000258024219297
257	0.000257393591599
939	0.00025708856743
231	0.00025634811621
1495	0.00025611504205
1486	0.000255360912011
1526	0.000254977681071
1019	0.000254923100359
162	0.000254619159569
1213	0.000254619159569
900	0.000254619159569
1851	0.000254619159569
144	0.000254619159569
560	0.000254619159569
33	0.000254619159569
1178	0.000254619159569
1650	0.000254256756735
1556	0.000254256756735
1756	0.000254156989849
1066	0.000253773922985
863	0.000253603845382
430	0.00025328884415
723	0.000252941796729
1073	0.000252853288533
105	0.000252232087242
616	0.000252163162683
1023	0.000251800076566
1407	0.000251433055036
1281	0.000250320662874
721	0.000249557431305
1976	0.000249316278386
903	0.000249059686996
4	0.000249040025556
925	0.000248941642078
989	0.000248941642078
1679	0.000248625062304
132	0.000248427793879
2011	0.000248388228525
1867	0.000247028580623
1782	0.000246674642704
436	0.000246208350483
1232	0.000246087268877
303	0.000245405258462
1167	0.000245405258462
187	0.000245405258462
1020	0.000245405258462
1551	0.000245289309382
1868	0.000245289309382
531	0.000245289309382
112	0.000245289309382
1746	0.000245066593843
379	0.000245028560122
1203	0.00024497931014
1843	0.000244553361819
867	0.000244525445126
1903	0.000244429321482
197	0.000244197192743
659	0.000244011182456
1235	0.000243810838867
791	0.00024261710645
1734	0.00024261710645
1783	0.00024261710645
1507	0.00024261710645
380	0.00024261710645
1898	0.00024261710645
1368	0.00024261710645
1002	0.00024261710645
1289	0.00024261710645
1310	0.00024261710645
1163	0.00024261710645
597	0.00024261710645
1806	0.00024261710645
321	0.00024261710645
662	0.00024261710645
126	0.00024261710645
985	0.00024261710645
9	0.00024261710645
1811	0.00024261710645
1917	0.00024261710645
635	0.00024261710645
7	0.00024261710645
1739	0.00024261710645
490	0.00024261710645
57	0.00024261710645
1554	0.00024261710645
1330	0.00024261710645
413	0.00024261710645
1047	0.000242208859262
141	0.000241664478274
1260	0.000241204503874
60	0.000241167839921
1994	0.000240459422909
2028	0.000239569037654
1675	0.000239569037654
1992	0.000239421955944
1453	0.000238100657139
1639	0.000237762182328
1052	0.000237428828901
1732	0.000237404436464
1431	0.000237404436464
1506	0.000237363602041
1399	0.000237363602041
265	0.000237051568146
584	0.000236735702478
166	0.000236735702478
998	0.00023670073285
757	0.000236434188938
1477	0.000236395792693
1136	0.000236395792693
1503	0.000235691012926
948	0.000235691012926
1082	0.000235691012926
1184	0.000235691012926
148	0.000234643976549
1387	0.000234641107535
686	0.000233904884437
1285	0.000233904884437
1448	0.000233604369054
1324	0.000233061718038
434	0.00023287897719
1114	0.000232817783181
1118	0.000232817783181
980	0.000232424010734
61	0.000232169953915
589	0.000232169953915
2016	0.000232169953915
1288	0.000232169953915
176	0.000232144525608
106	0.000232144525608
1305	0.000232095024211
1823	0.000231700486067
462	0.000231661305728
529	0.000231551724737
184	0.000230147319838
163	0.000230104817027
1200	0.000230104817027
698	0.000230104817027
188	0.000230104817027
1299	0.000230104817027
1494	0.000230104817027
933	0.000230104817027
1829	0.000230104817027
1320	0.000230104817027
376	0.000230104817027
347	0.000230104817027
605	0.000230033832986
1524	0.000229678868706
1268	0.000229678868706
45	0.000229634633093
1995	0.00022960537381
1549	0.000229427897581
1134	0.000229067747254
35	0.000229067747254
323	0.000229067747254
1738	0.000228973019262
1709	0.000228973019262
39	0.000228946736775
576	0.00022883476293
1244	0.000228826972063
1990	0.000228826972063
984	0.000228727708052
1887	0.000228727708052
780	0.000228727708052
1205	0.000228182761823
1124	0.000227862741626
425	0.00022758149276
866	0.000227577030137
186	0.000227395242099
1460	0.00022736225896
1693	0.00022736225896
224	0.00022736225896
1209	0.00022736225896
1668	0.00022736225896
667	0.00022736225896
655	0.00022736225896
1774	0.00022736225896
1755	0.00022736225896
1653	0.00022736225896
935	0.00022736225896
508	0.00022736225896
857	0.00022736225896
145	0.00022736225896
1419	0.00022736225896
1705	0.00022736225896
1146	0.00022736225896
735	0.00022732916137
1191	0.00022724620087
459	0.000227201898565
1492	0.000225725388056
483	0.000225716953948
590	0.000225716953948
1544	0.000225716953948
1971	0.000225716953948
417	0.000225716953948
435	0.000225716953948
1097	0.000225716953948
1922	0.000225716953948
1525	0.000225716953948
150	0.000224927370496
519	0.000224927370496
578	0.000224927370496
1388	0.000224927370496
1602	0.000224927370496
631	0.000224927370496
1425	0.000224845902234
1366	0.000224404244889
80	0.000224016998581
392	0.000223347717701
1939	0.000223347717701
882	0.000223018459912
1913	0.000223018459912
718	0.000222821766533
1389	0.000222769041611
1673	0.000222517703321
890	0.000221953452797
1702	0.000221858638172
1896	0.000221572941973
633	0.000221329849508
614	0.000221329849508
704	0.000221263218039
1558	0.00022111385601
1819	0.00022111385601
426	0.00022111385601
1443	0.00022111385601
807	0.00022111385601
1201	0.00022111385601
487	0.00022111385601
397	0.00022111385601
1614	0.00022111385601
1599	0.00022111385601
325	0.000221010434407
806	0.000219920391359
1946	0.000219100195923
1699	0.000219100195923
1239	0.000218816756308
629	0.000218492049891
594	0.000218331506883
13	0.000218139315392
1892	0.000218000410143
1547	0.000217758559059
552	0.000217210366997
442	0.000217116961422
418	0.00021689760155
1991	0.000216880462014
381	0.000216880462014
568	0.000216880462014
1821	0.000216880462014
507	0.000216880462014
641	0.000216718173829
2003	0.000216642500518
51	0.000216642500518
1893	0.000216642500518
751	0.000216642500518
1801	0.000216360864294
22	0.000216331330024
1993	0.000216141642186
783	0.000216141642186
1975	0.000216141642186
388	0.000216141642186
91	0.000216141642186
516	0.000216141642186
44	0.000216141642186
509	0.000216141642186
738	0.000215850352278
239	0.000215850352278
319	0.000215850352278
653	0.000215850352278
204	0.000215835200378
1845	0.000215746526039
326	0.000215518872705
1056	0.000215518872705
372	0.000215518872705
221	0.000215518872705
711	0.000215499039389
1212	0.000215435666695
1036	0.000215435666695
339	0.000214843196526
1420	0.000214804375593
1180	0.000214804375593
400	0.000214804375593
295	0.000214804375593
876	0.000214804375593
343	0.000214804375593
1336	0.000214804375593
703	0.000214804375593
1814	0.000214804375593
158	0.000214804375593
821	0.000214804375593
931	0.000214804375593
156	0.000214804375593
1681	0.000214804375593
1604	0.000214804375593
28	0.000214804375593
469	0.000214804375593
382	0.000214804375593
1062	0.000214804375593
1096	0.000214804375593
1566	0.000214804375593
940	0.000214804375593
1087	0.000214804375593
1662	0.000214804375593
1849	0.000214604032004
626	0.000214564097939
832	0.000214427677253
1539	0.000214427677253
450	0.000214391713281
1808	0.000214378427271
1557	0.000214378427271
1102	0.000214378427271
1644	0.000214378427271
1070	0.000214296146657
1434	0.000214100534345
1717	0.000213596309874
1633	0.000213410299587
207	0.000213410299587
1447	0.000213410299587
1111	0.000213410299587
1172	0.000213410299587
1313	0.000213410299587
846	0.000213410299587
1370	0.000213410299587
1459	0.000213410299587
527	0.000213410299587
171	0.000213410299587
537	0.000213410299587
646	0.000213410299587
53	0.000213410299587
1400	0.000213410299587
1279	0.000213410299587
813	0.000213410299587
1329	0.000213410299587
1730	0.000213410299587
269	0.000213410299587
1437	0.000213410299587
484	0.000213410299587
6	0.000213410299587
886	0.000213410299587
1588	0.000213410299587
920	0.000213410299587
1455	0.000213410299587
611	0.000213410299587
1904	0.000213410299587
1620	0.000213410299587
1071	0.000213410299587
212	0.000213410299587
478	0.000213410299587
235	0.000213410299587
1859	0.000213410299587
1013	0.000213410299587
1568	0.000213410299587
581	0.000213410299587
1850	0.000213410299587
1873	0.000213410299587
477	0.000213410299587
1356	0.000213410299587
1083	0.000213410299587
901	0.000213410299587
1921	0.000213410299587
769	0.000213410299587
139	0.000213410299587
338	0.000213410299587
1349	0.000213410299587
544	0.000213410299587
1147	0.000213410299587
1815	0.000213410299587
790	0.000213410299587
1171	0.000213410299587
1338	0.000213410299587
1132	0.000213410299587
416	0.000213410299587
1498	0.000213410299587
30	0.000213410299587
1905	0.000213410299587
1139	0.000213410299587
255	0.000213410299587
73	0.000213410299587
1822	0.000213410299587
1259	0.000213410299587
776	0.000213410299587
1296	0.000213410299587
311	0.000213410299587
1935	0.000213410299587
851	0.000213410299587
1332	0.000213410299587
1804	0.000213410299587
1031	0.000213410299587
1264	0.000213410299587
95	0.000213410299587
966	0.000213410299587
1094	0.000213410299587
368	0.000213410299587
840	0.000213410299587
981	0.000213410299587
1832	0.000213410299587
2005	0.000213410299587
1142	0.000213410299587
1713	0.000213410299587
1170	0.000213410299587
300	0.000213410299587
845	0.000213410299587
1700	0.000213410299587
2017	0.000213410299587
504	0.000213410299587
2019	0.000213410299587
768	0.000213410299587
676	0.000213410299587
1916	0.000213410299587
89	0.000213410299587
1224	0.000213410299587
113	0.000213410299587
1564	0.000213410299587
1439	0.000213065104833
965	0.000212686850812
283	0.000212520748986
1616	0.00021216267798
1565	0.00021216267798
1218	0.00021216267798
1718	0.000212156787258
1785	0.000212072392797
1688	0.000211033623071
1225	0.000210803964594
1135	0.000210379887565
796	0.00020950734107
1841	0.000208473178677
785	0.000208174009166
3	0.000207690231599
1590	0.000207690231599
92	0.000207436630668
884	0.000207393636144
262	0.000207393636144
208	0.000207393636144
1643	0.000207003897184
644	0.000207003897184
1304	0.000206818939739
297	0.000206465600388
1468	0.000205833306069
1354	0.000205833306069
1861	0.000205782875842
1185	0.000205782875842
1555	0.000205782875842
1863	0.000205782875842
914	0.000205782875842
36	0.000205782875842
1724	0.000205782875842
1527	0.000205782875842
127	0.000205782875842
1169	0.000205782875842
1462	0.000205782875842
889	0.000205782875842
1125	0.000205782875842
774	0.000205782875842
789	0.000205782875842
431	0.000205782875842
404	0.000205495592365
1042	0.000205495592365
348	0.000205495592365
191	0.000205495592365
1069	0.000205495592365
958	0.000205495592365
1445	0.000205495592365
1103	0.000205495592365
2025	0.000205495592365
2008	0.000205309147004
1107	0.000205309147004
1712	0.000205268778614
565	0.000205268778614
799	0.000204838075053
1722	0.00020456543161
1560	0.00020456543161
213	0.00020456543161
1923	0.00020456543161
1072	0.00020456543161
1512	0.00020456543161
307	0.00020456543161
240	0.00020456543161
909	0.00020456543161
327	0.00020456543161
334	0.00020456543161
1466	0.00020456543161
1078	0.000204303868806
553	0.000204281612726
1110	0.000203874257038
1089	0.000203775605212
1035	0.000203775605212
2012	0.000203652186368
393	0.000203610976318
140	0.000203610976318
1950	0.000203218306047
612	0.000203203829773
276	0.000203191608456
708	0.000203191608456
786	0.000203191608456
1710	0.000202888217348
85	0.000202888217348
874	0.000202888217348
1024	0.000202888217348
1037	0.000202888217348
665	0.000202888217348
37	0.000202888217348
1207	0.000202888217348
1784	0.000202888217348
1621	0.000202888217348
1421	0.000202888217348
1270	0.000202888217348
899	0.000202816237439
1208	0.000202689058251
130	0.000202658674367
1166	0.000202658674367
1123	0.000202658674367
923	0.000202658674367
1937	0.000202658674367
571	0.000202658674367
147	0.000202658674367
1127	0.000202658674367
1610	0.000202658674367
340	0.000202658674367
660	0.000202658674367
1577	0.000202658674367
1219	0.000202658674367
1396	0.000202658674367
1632	0.000202658674367
1786	0.000202658674367
1676	0.000202658674367
1250	0.000202658674367
2018	0.000202658674367
72	0.000202658674367
506	0.000202658674367
1048	0.000202658674367
951	0.000202658674367
1044	0.000202658674367
613	0.000202658674367
371	0.000202658674367
1910	0.000202658674367
1970	0.000202658674367
1262	0.000202658674367
1978	0.000202658674367
102	0.000202658674367
468	0.000202658674367
1022	0.000202658674367
971	0.000202658674367
1105	0.000202658674367
1575	0.000202658674367
777	0.000202658674367
1661	0.000202658674367
844	0.000202658674367
1648	0.000202658674367
934	0.000202658674367
1741	0.000202658674367
835	0.000202658674367
1325	0.000202658674367
19	0.000202658674367
1012	0.000202658674367
1929	0.000202658674367
826	0.000202658674367
1112	0.000202658674367
1968	0.000202658674367
1386	0.000202658674367
1654	0.000202658674367
1659	0.000202658674367
1403	0.000202658674367
1040	0.000202658674367
643	0.000202658674367
175	0.000202658674367
200	0.000202658674367
1027	0.000202658674367
1781	0.000202658674367
1081	0.000202600252895
2001	0.000202526969113
1615	0.000201816519988
627	0.000201778128794
1342	0.000201498026093
464	0.000201498026093
94	0.000200489567828
1280	0.000200489567828
725	0.000200376480653
916	0.000199909329628
1981	0.00019964783026
48	0.00019961213614
804	0.000199603068181
1015	0.000199503934158
234	0.000199503934158
1256	0.000199503934158
1794	0.000199503934158
639	0.000199503934158
1487	0.000199503934158
1090	0.000199503934158
694	0.000199503934158
1286	0.000199503934158
173	0.000199503934158
1131	0.000199503934158
437	0.000199503934158
816	0.000199503934158
1543	0.000199503934158
881	0.000199503934158
481	0.000199503934158
692	0.000199503934158
922	0.000199503934158
1869	0.000199503934158
1778	0.000199503934158
960	0.000199503934158
337	0.000199503934158
586	0.000199503934158
2002	0.000199503934158
1984	0.000199503934158
860	0.000199503934158
1559	0.000199503934158
944	0.000199503934158
370	0.000199503934158
1481	0.000199503934158
724	0.000199503934158
949	0.000199503934158
1581	0.000199503934158
1482	0.000199503934158
557	0.000199503934158
788	0.000199503934158
672	0.000199503934158
1776	0.000199503934158
1408	0.000199503934158
1677	0.000199503934158
1934	0.000199503934158
1153	0.000199503934158
125	0.000199503934158
1133	0.000199503934158
1067	0.000199503934158
695	0.000199503934158
1362	0.000199503934158
1925	0.000199503934158
1570	0.000199503934158
1592	0.000199503934158
1193	0.000199503934158
1319	0.000199503934158
887	0.000199503934158
888	0.000199503934158
1422	0.000199503934158
77	0.000199503934158
670	0.000199503934158
1361	0.000199503934158
1276	0.000199503934158
1140	0.000199503934158
731	0.000199503934158
1229	0.000199503934158
1347	0.000199503934158
906	0.000199503934158
720	0.000199503934158
414	0.000199503934158
541	0.000199503934158
561	0.000199503934158
10	0.000199503934158
1128	0.000199503934158
975	0.000199503934158
23	0.000199503934158
1469	0.000199503934158
1645	0.000199503934158
75	0.000199503934158
800	0.000199503934158
1848	0.000199503934158
896	0.000199503934158
1472	0.000199503934158
518	0.000199503934158
1475	0.000199403762363
1176	0.000199403762363
1719	0.000199403762363
64	0.000199382451601
360	0.000199127235818
219	0.000199077985837
1049	0.000199077985837
1292	0.000199077985837
42	0.000199077985837
587	0.000199077985837
1816	0.000199036783134
290	0.000198742122466
1634	0.00019863583534
109	0.000198440628954
1578	0.000198126919023
1126	0.000197829690607
1410	0.000197456792288
1473	0.000196987965813
592	0.000196987965813
1552	0.000196862236545
678	0.000196862236545
160	0.000196862236545
570	0.000196862236545
885	0.000196862236545
687	0.000196739648277
666	0.00019610654956
897	0.000195840965014
358	0.000195840965014
1158	0.000195840965014
1231	0.000195733181636
317	0.000195603694953
1530	0.000195603694953
864	0.000195601085868
992	0.00019504827803
1598	0.000194849542544
1965	0.000194849542544
1750	0.000194849542544
364	0.000194849542544
1137	0.000194849542544
1915	0.000194849542544
1030	0.000194849542544
1508	0.000194849542544
1528	0.000194849542544
1901	0.000194849542544
328	0.000194849542544
636	0.000194849542544
243	0.00019467405066
978	0.000193801504165
1611	0.000193598106718
905	0.000193493126081
1383	0.000193446275487
1652	0.000193273161109
1740	0.000192402079643
1940	0.000192293388041
117	0.000192056411176
1382	0.000192056411176
11	0.000192056411176
1986	0.000192032337719
189	0.000192032337719
2004	0.000192032337719
733	0.000192032337719
1088	0.000192032337719
111	0.000192032337719
1373	0.000192032337719
402	0.000192032337719
988	0.000192032337719
514	0.000192032337719
1973	0.000192032337719
1872	0.000192032337719
154	0.000192032337719
1326	0.000192032337719
1793	0.000192032337719
378	0.000192032337719
562	0.000192032337719
669	0.000192032337719
54	0.000192032337719
1496	0.000191803627543
1716	0.000191803627543
1391	0.000191803627543
314	0.000191803627543
448	0.000191803627543
752	0.000191803627543
770	0.000191803627543
1817	0.000191803627543
2022	0.000191803627543
525	0.000191803627543
1766	0.000191803627543
52	0.000191803627543
722	0.000191803627543
1457	0.000191218015634
1960	0.000190950910766
1390	0.000190728966639
1148	0.000190595729268
1707	0.000190532864634
1735	0.000190532864634
1613	0.000190532864634
729	0.000190532864634
510	0.000190532864634
1202	0.000190532864634
335	0.000190532864634
174	0.000190384601969
182	0.00018996833718
1933	0.000189876414376
524	0.000189876414376
828	0.000189283433573
714	0.000189283433573
294	0.000188003560133
455	0.000188003560133
742	0.000188003560133
2029	0.000188003560133
254	0.000188003560133
623	0.000188003560133
1836	0.000188003560133
1646	0.000188003560133
1696	0.000188003560133
1835	0.000188003560133
530	0.000188003560133
264	0.000188003560133
1593	0.000188003560133
1726	0.000188003560133
1075	0.000188003560133
758	0.000188003560133
1438	0.000188003560133
1375	0.000188003560133
384	0.000188003560133
27	0.000188003560133
16	0.000188003560133
1316	0.000188003560133
1534	0.000188003560133
967	0.000188003560133
49	0.000188003560133
1028	0.000188003560133
600	0.000188003560133
123	0.000188003560133
1824	0.000188003560133
1606	0.000188003560133
242	0.000188003560133
1509	0.000188003560133
1247	0.000188003560133
950	0.000188003560133
1985	0.000188003560133
1943	0.000188003560133
1765	0.000188003560133
652	0.000188003560133
46	0.000188003560133
664	0.000188003560133
451	0.000188003560133
1982	0.000188003560133
771	0.000188003560133
1255	0.000188003560133
1283	0.000188003560133
559	0.000188003560133
617	0.000188003560133
344	0.000187289035695
1100	0.000186821132208
1649	0.000186821132208
1769	0.000186440305579
1694	0.000186407367372
355	0.000186235207777
299	0.000186235207777
1773	0.000186003479403
1227	0.000185948585713
1856	0.000185948585713
201	0.000185948585713
1855	0.000185463029758
168	0.000185207398724
74	0.000185207398724
1295	0.000185207398724
717	0.000185207398724
1064	0.000185207398724
1409	0.000185207398724
196	0.000185207398724
873	0.000185207398724
1331	0.000185207398724
1597	0.000185207398724
1791	0.000185207398724
1608	0.000185207398724
1084	0.000185207398724
1532	0.000185207398724
961	0.000185207398724
136	0.000185207398724
650	0.000185207398724
280	0.000185207398724
1129	0.000185207398724
955	0.000185207398724
964	0.000185207398724
1432	0.000185207398724
218	0.000185207398724
1936	0.000185207398724
1737	0.000185207398724
108	0.000185207398724
285	0.000185076039218
395	0.000185076039218
602	0.000185076039218
1788	0.000185076039218
2023	0.000184502031405
767	0.000184405436708
2013	0.000184203492723
1334	0.000184203492723
1301	0.000184203492723
755	0.000184203492723
1183	0.000184203492723
59	0.000184203492723
1860	0.000184203492723
746	0.000184203492723
1582	0.000184203492723
952	0.000184203492723
709	0.000184203492723
577	0.000184203492723
1882	0.000184203492723
1658	0.000184203492723
332	0.000184203492723
181	0.000184203492723
979	0.000184203492723
226	0.000184203492723
1017	0.000184203492723
563	0.000184203492723
1116	0.000184203492723
1725	0.000184203492723
705	0.000184203492723
1938	0.000184203492723
1777	0.000184203492723
206	0.000184203492723
1958	0.000184203492723
1944	0.000184203492723
1446	0.000184203492723
1206	0.000184203492723
2000	0.000184203492723
1038	0.000184203492723
1173	0.000184203492723
1862	0.000184203492723
467	0.000184203492723
1376	0.000184203492723
969	0.000184203492723
482	0.000184203492723
475	0.000184203492723
353	0.000184203492723
1308	0.000184203492723
1941	0.000184203492723
1514	0.000184203492723
1108	0.000184203492723
593	0.000184203492723
214	0.000184203492723
1637	0.000184203492723
856	0.000184203492723
1095	0.000184203492723
1275	0.000184203492723
1215	0.000184203492723
43	0.000184203492723
1302	0.000184203492723
778	0.000184203492723
1583	0.000184203492723
1790	0.000184203492723
946	0.000184203492723
1216	0.000184203492723
1433	0.000184203492723
2009	0.000184203492723
185	0.000184203492723
1655	0.000184203492723
1104	0.000184203492723
135	0.000184203492723
1983	0.000184203492723
917	0.000184203492723
1181	0.000184203492723
238	0.000184203492723
974	0.000184203492723
81	0.000184203492723
745	0.000184203492723
432	0.000184203492723
133	0.000184203492723
433	0.000184203492723
1932	0.000184203492723
79	0.000184203492723
1656	0.000184203492723
389	0.000184203492723
533	0.000184203492723
1728	0.000184203492723
822	0.000184203492723
65	0.000184203492723
736	0.000184203492723
907	0.000184203492723
1378	0.000184203492723
1584	0.000184203492723
1458	0.000184203492723
341	0.000184203492723
1374	0.000184203492723
356	0.000184203492723
67	0.000184203492723
1883	0.000184203492723
1109	0.000184203492723
740	0.000184203492723
810	0.000184203492723
1261	0.000184203492723
357	0.000184203492723
241	0.000184203492723
1414	0.000184203492723
438	0.000184203492723
1591	0.000184203492723
259	0.000184203492723
1197	0.000184203492723
598	0.000184203492723
1828	0.000184203492723
399	0.000184203492723
854	0.000184203492723
1141	0.000184203492723
1954	0.000184203492723
1463	0.000184203492723
1050	0.000184203492723
716	0.000184203492723
183	0.000184203492723
1263	0.000184203492723
1567	0.000184203492723
50	0.000184203492723
267	0.000184203492723
1360	0.000184203492723
970	0.000184203492723
1623	0.000184203492723
1600	0.000184203492723
1516	0.000184203492723
719	0.000184203492723
1628	0.000184203492723
685	0.000184203492723
1033	0.000184203492723
1999	0.000184203492723
1553	0.000184203492723
1395	0.000184203492723
1359	0.000184203492723
610	0.000184203492723
252	0.000184203492723
1809	0.000184203492723
346	0.000184203492723
131	0.000184203492723
706	0.000184203492723
838	0.000184203492723
116	0.000184203492723
1243	0.000184203492723
865	0.000184203492723
871	0.000184203492723
875	0.000184203492723
880	0.000184203492723
912	0.000184203492723
913	0.000184203492723
926	0.000184203492723
937	0.000184203492723
941	0.000184203492723
972	0.000184203492723
982	0.000184203492723
986	0.000184203492723
1001	0.000184203492723
1026	0.000184203492723
1074	0.000184203492723
1099	0.000184203492723
1119	0.000184203492723
1138	0.000184203492723
1165	0.000184203492723
1168	0.000184203492723
1196	0.000184203492723
1210	0.000184203492723
661	0.000184203492723
663	0.000184203492723
677	0.000184203492723
680	0.000184203492723
681	0.000184203492723
684	0.000184203492723
688	0.000184203492723
715	0.000184203492723
743	0.000184203492723
744	0.000184203492723
748	0.000184203492723
766	0.000184203492723
772	0.000184203492723
773	0.000184203492723
775	0.000184203492723
779	0.000184203492723
781	0.000184203492723
792	0.000184203492723
809	0.000184203492723
830	0.000184203492723
837	0.000184203492723
842	0.000184203492723
843	0.000184203492723
1540	0.000184203492723
1542	0.000184203492723
1546	0.000184203492723
1585	0.000184203492723
1603	0.000184203492723
1635	0.000184203492723
1640	0.000184203492723
1657	0.000184203492723
1660	0.000184203492723
1686	0.000184203492723
1692	0.000184203492723
1708	0.000184203492723
1733	0.000184203492723
1771	0.000184203492723
1779	0.000184203492723
1787	0.000184203492723
1837	0.000184203492723
1864	0.000184203492723
1888	0.000184203492723
1924	0.000184203492723
1947	0.000184203492723
1949	0.000184203492723
1980	0.000184203492723
1211	0.000184203492723
1217	0.000184203492723
1230	0.000184203492723
1240	0.000184203492723
1249	0.000184203492723
1294	0.000184203492723
1298	0.000184203492723
1314	0.000184203492723
1327	0.000184203492723
1344	0.000184203492723
1351	0.000184203492723
1355	0.000184203492723
1364	0.000184203492723
1397	0.000184203492723
1406	0.000184203492723
1411	0.000184203492723
1427	0.000184203492723
1429	0.000184203492723
1442	0.000184203492723
1474	0.000184203492723
1483	0.000184203492723
1489	0.000184203492723
1537	0.000184203492723
263	0.000184203492723
764	0.000184203492723
987	0.000184203492723
1618	0.000184203492723
1157	0.000184203492723
129	0.000184203492723
1122	0.000184203492723
1246	0.000184203492723
1328	0.000184203492723
5	0.000184203492723
228	0.000184203492723
1384	0.000184203492723
805	0.000184203492723
223	0.000184203492723
1385	0.000184203492723
1339	0.000184203492723
1441	0.000184203492723
893	0.000184203492723
1800	0.000184203492723
137	0.000184203492723
498	0.000184203492723
8	0.000184203492723
1404	0.000184203492723
363	0.000184203492723
1491	0.000184203492723
500	0.000184203492723
351	0.000184203492723
601	0.000184203492723
342	0.000184203492723
1257	0.000184203492723
1451	0.000184203492723
444	0.000184203492723
957	0.000184203492723
753	0.000184203492723
1964	0.000184203492723
1957	0.000184203492723
367	0.000184203492723
87	0.000184203492723
1758	0.000184203492723
707	0.000184203492723
1371	0.000184203492723
1720	0.000184203492723
1682	0.000184203492723
1254	0.000184203492723
1350	0.000184203492723
320	0.000184203492723
336	0.000184203492723
349	0.000184203492723
398	0.000184203492723
401	0.000184203492723
408	0.000184203492723
409	0.000184203492723
427	0.000184203492723
439	0.000184203492723
445	0.000184203492723
452	0.000184203492723
491	0.000184203492723
503	0.000184203492723
512	0.000184203492723
528	0.000184203492723
538	0.000184203492723
543	0.000184203492723
550	0.000184203492723
606	0.000184203492723
619	0.000184203492723
637	0.000184203492723
640	0.000184203492723
657	0.000184203492723
18	0.000184203492723
62	0.000184203492723
70	0.000184203492723
83	0.000184203492723
88	0.000184203492723
100	0.000184203492723
138	0.000184203492723
152	0.000184203492723
169	0.000184203492723
170	0.000184203492723
172	0.000184203492723
198	0.000184203492723
215	0.000184203492723
225	0.000184203492723
236	0.000184203492723
237	0.000184203492723
244	0.000184203492723
258	0.000184203492723
270	0.000184203492723
273	0.000184203492723
296	0.000184203492723
304	0.000184203492723
305	0.000184203492723
645	0.000184203492723
762	0.000184203492723
110	0.000184203492723
1045	0.000184203492723
29	0.000184203492723
1886	0.000184203492723
836	0.000184203492723
1251	0.000184203492723
497	0.000184203492723
811	0.000184203492723
1624	0.000184203492723
499	0.000184203492723
1842	0.000184203492723
1595	0.000184203492723
1847	0.000184203492723
1152	0.000184203492723
1059	0.000184203492723
1322	0.000184203492723
858	0.000184203492723
256	0.000184203492723
1000	0.000184203492723
1641	0.000184203492723
1156	0.000184203492723
1757	0.000184203492723
1222	0.000184203492723
1961	0.000184203492723
953	0.000184203492723
1476	0.000184203492723
1273	0.000184203492723
1745	0.000184203492723
546	0.000184203492723
919	0.000184203492723
1647	0.000184203492723
1145	0.000184203492723
850	0.000184203492723
1736	0.000184203492723
446	0.000184203492723
673	0.000184203492723
911	0.000184203492723
1401	0.000184203492723
232	0.000184203492723
1162	0.000184203492723
422	0.000184203492723
331	0.000184203492723
505	0.000184203492723
1627	0.000184203492723
793	0.000184203492723
675	0.000184203492723
101	0.000184203492723
1589	0.000184203492723
567	0.000184203492723
68	0.000184203492723
501	0.000184203492723
20	0.000184203492723
1051	0.000184203492723
784	0.000184203492723
879	0.000184203492723
1879	0.000184203492723
190	0.000184203492723
1723	0.000184203492723
1199	0.000184203492723
1529	0.000184203492723
1485	0.000184203492723
1796	0.000184203492723
1077	0.000184203492723
520	0.000184203492723
1271	0.000184203492723
754	0.000184203492723
651	0.000184203492723
1972	0.000184203492723
523	0.000184203492723
2020	0.000184203492723
959	0.000184203492723
309	0.000184203492723
1827	0.000184203492723
107	0.000184203492723
545	0.000184203492723
1642	0.000184203492723
1470	0.000184203492723
595	0.000184203492723
977	0.000184203492723
1106	0.000184203492723
1236	0.000184203492723
1079	0.000184203492723
69	0.000184203492723
1572	0.000184203492723
1630	0.000184203492723
1300	0.000184203492723
1799	0.000184203492723
193	0.000184203492723
927	0.000184203492723
1357	0.000184203492723
1065	0.000184203492723
1519	0.000184203492723
1797	0.000184203492723
315	0.000184203492723
1003	0.000184203492723
103	0.000184203492723
573	0.000184203492723
883	0.000184203492723
460	0.000184203492723
588	0.000184203492723
1729	0.000184203492723
1333	0.000184203492723
1517	0.000184203492723
1884	0.000184203492723
522	0.000184203492723
1461	0.000184203492723
1068	0.000184203492723
1223	0.000184203492723
696	0.000184203492723
693	0.000184203492723
82	0.000184203492723
759	0.000184203492723
921	0.000184203492723
618	0.000184203492723
78	0.000184203492723
1752	0.000184203492723
1164	0.000184203492723
632	0.000184203492723
1612	0.000184203492723
2024	0.000184203492723
1671	0.000184203492723
1931	0.000184203492723
642	0.000184203492723
324	0.000184203492723
1515	0.000184203492723
1161	0.000184203492723
1908	0.000184203492723
271	0.000184203492723
1343	0.000184203492723
406	0.000184203492723
1341	0.000184203492723
621	0.000184203492723
1574	0.000184203492723
1535	0.000184203492723
167	0.000184203492723
608	0.000184203492723
1117	0.000184203492723
474	0.000184203492723
230	0.000184203492723
700	0.000184203492723
1683	0.000184203492723
1266	0.000184203492723
1043	0.000184203492723
1579	0.000184203492723
1130	0.000184203492723
180	0.000184203492723
318	0.000184203492723
1121	0.000184203492723
1233	0.000184203492723
1016	0.000184203492723
532	0.000184203492723
1007	0.000184203492723
1900	0.000184203492723
310	0.000184203492723
1664	0.000184203492723
1063	0.000184203492723
1545	0.000184203492723
648	0.000184203492723
787	0.000184203492723
1348	0.000184203492723
124	0.000184203492723
1418	0.000184203492723
1518	0.000184203492723
1596	0.000184203492723
1412	0.000184203492723
1115	0.000184203492723
1902	0.000184203492723
1188	0.000184203492723
1252	0.000184203492723
739	0.000184203492723
2026	0.000184203492723
782	0.000184203492723
647	0.000184203492723
1703	0.000184203492723
86	0.000184203492723
1967	0.000184203492723
1345	0.000184203492723
910	0.000184203492723
1775	0.000184203492723
1086	0.000184203492723
274	0.000184203492723
1379	0.000184203492723
1307	0.000184203492723
143	0.000184203492723
1531	0.000184203492723
1101	0.000184203492723
1513	0.000184203492723
473	0.000184203492723
1456	0.000184203492723
1182	0.000184203492723
1177	0.000184203492723
164	0.000184203492723
1248	0.000184203492723
1561	0.000184203492723
1760	0.000184203492723
322	0.000184203492723
1055	0.000184203492723
1174	0.000184203492723
1150	0.000184203492723
1687	0.000184203492723
1416	0.000184203492723
1666	0.000184203492723
1890	0.000184203492723
814	0.000184203492723
32	0.000184203492723
878	0.000184203492723
1204	0.000184203492723
847	0.000184203492723
1759	0.000184203492723
625	0.000184203492723
1562	0.000184203492723
1053	0.000184203492723
288	0.000184203492723
157	0.000184203492723
1367	0.000184203492723
848	0.000184203492723
99	0.000184203492723
1573	0.000184203492723
1885	0.000184203492723
1875	0.000184203492723
1802	0.000184203492723
976	0.000184203492723
161	0.000184203492723
534	0.000184203492723
540	0.000184203492723
554	0.000184203492723
1221	0.000184203492723
1636	0.000184203492723
128	0.000184203492723
447	0.000184203492723
515	0.000184203492723
1282	0.000184203492723
1865	0.000184203492723
1464	0.000184203492723
1029	0.000184203492723
496	0.000184203492723
1265	0.000184203492723
1622	0.000184203492723
1335	0.000184203492723
1812	0.000184203492723
2021	0.000184203492723
1945	0.000184203492723
1789	0.000184203492723
63	0.000184203492723
1959	0.000184203492723
192	0.000184203492723
679	0.000184203492723
1315	0.000184203492723
582	0.000184203492723
1853	0.000184203492723
1753	0.000184203492723
802	0.000184203492723
1744	0.000184203492723
932	0.000184203492723
548	0.000184203492723
1909	0.000184203492723
1284	0.000184203492723
1041	0.000184203492723
495	0.000184203492723
591	0.000184203492723
202	0.000184203492723
929	0.000184203492723
489	0.000184203492723
877	0.000184203492723
1143	0.000184203492723
823	0.000184203492723
1312	0.000184203492723
1569	0.000184203492723
471	0.000184203492723
277	0.000184203492723
1866	0.000184203492723
1010	0.000184203492723
609	0.000184203492723
405	0.000184203492723
564	0.000184203492723
1436	0.000184203492723
1025	0.000184203492723
1352	0.000184203492723
287	0.000184203492723
726	0.000184203492723
250	0.000184203492723
461	0.000184203492723
942	0.000184203492723
1237	0.000184203492723
1891	0.000184203492723
354	0.000184203492723
1772	0.000184203492723
1318	0.000184203492723
1877	0.000184203492723
260	0.000184203492723
456	0.000184203492723
394	0.000184203492723
308	0.000184203492723
710	0.000184203492723
1311	0.000184203492723
936	0.000184203492723
281	0.000184203492723
954	0.000184203492723
1704	0.000184203492723
894	0.000184203492723
1297	0.000184203492723
1605	0.000184203492723
1820	0.000184203492723
1321	0.000184203492723
1006	0.000184203492723
286	0.000184203492723
1607	0.000184203492723
1977	0.000184203492723
689	0.000184203492723
1502	0.000184203492723
407	0.000184203492723
1417	0.000184203492723
159	0.000184203492723
862	0.000184203492723
1423	0.000184203492723
947	0.000184203492723
996	0.000184203492723
493	0.000184203492723
638	0.000184203492723
1449	0.000184203492723
1897	0.000184203492723
1428	0.000184203492723
1478	0.000184203492723
428	0.000184203492723
1242	0.000184203492723
1054	0.000184203492723
2007	0.000184203492723
1871	0.000184203492723
1452	0.000184203492723
216	0.000184203492723
454	0.000184203492723
908	0.000184203492723
797	0.000184203492723
1346	0.000184203492723
