1874	86.7128680880596
1669	46.318530723922215
1258	44.781802454794025
999	41.27336260089153
511	33.80426980910826
1369	30.022648634555622
453	28.979328231896922
585	28.507666490304654
1839	28.032892147082123
1998	26.693980179494638
1974	23.316618997769286
1159	22.035372185223366
1440	21.776727747435622
1287	21.033639623174793
1963	19.849359859852722
1706	17.271246568897542
1144	16.057287019229353
852	16.033854638856152
1522	15.85608161834703
411	15.807688484914493
1278	15.137316959254852
895	14.300098654313468
1586	13.862817929002542
1894	13.500799188783422
1768	12.624372681178437
1753	12.371741133119574
1	12.214143666850905
480	12.145425781363931
1580	12.032645483252663
217	11.956479065084132
1277	11.785626373808912
301	11.260507735762847
1987	11.12698267222089
691	10.782248500485426
1833	10.60554345817386
412	10.558471532291714
1792	10.550268667410133
713	10.5150151105952
869	10.420104309030775
737	10.290522341945147
278	10.18841203022097
993	10.038036845019683
984	9.912077275626313
1301	9.850138923980044
203	9.8108968471526
350	9.810170448532682
329	9.719994366101238
702	9.651830109034545
808	9.628669229684345
1996	9.627039966803476
1198	9.624855162944751
1899	9.513132904936434
1587	9.29661309367477
1501	9.186044201960858
465	8.975047117716477
1550	8.968216671358414
1906	8.95383713597227
1380	8.880921506171664
1493	8.85067523754768
1120	8.84767424436739
34	8.767245959977275
1377	8.675621422721376
1365	8.579389727270007
1751	8.537882769659657
829	8.526968014135457
547	8.5197379531665
1876	8.484206333637347
817	8.449588443026226
71	8.43973179732065
1844	8.4384977576761
396	8.390496685585312
1539	8.37399646144818
1979	8.348362136360995
146	8.322362162992516
1323	8.268646556514344
457	8.266967236250338
1995	8.263450557598752
344	8.180597145489998
1942	8.16040066794767
1576	8.139710364186255
403	8.059605402529398
419	8.059085078176832
25	8.054041131576568
898	8.052473469732476
1538	8.015530833093713
265	8.013843451081133
675	8.007638767016138
2027	8.003317715010839
1670	7.9790887993908
1272	7.978980084789501
605	7.956894476922405
656	7.956804621103416
1390	7.944587748263521
841	7.904413659498529
1770	7.889591403331865
1179	7.8649682776945635
1037	7.854404442666817
1194	7.848266739657378
155	7.8123816296075095
539	7.790611014962034
1807	7.7757963556435765
479	7.76727797177567
1992	7.7310556920732285
90	7.70264055212628
292	7.67702008485063
1520	7.663803062835733
1619	7.650716534052483
92	7.648755576430401
1269	7.647328996431865
418	7.611725287121276
339	7.594035044493725
938	7.581365718019863
1023	7.57991722514722
997	7.559345262029642
836	7.548457517836162
799	7.530190195819851
1535	7.518012712258331
1624	7.518012712258331
1767	7.514929031346218
1274	7.510112972714273
903	7.492323768457591
211	7.472103287921557
943	7.459975489193202
1510	7.4585205455238635
513	7.4344817783392685
55	7.433528496801077
1524	7.432447488761079
1644	7.432447488761079
1808	7.432447488761079
1843	7.432447488761079
723	7.431188131631887
690	7.4275073348165375
24	7.423482395359903
939	7.42131029041541
1688	7.411517368497458
1106	7.398810406776664
209	7.394005404151924
1920	7.390496685585314
614	7.385061582064381
1203	7.377362367519808
1878	7.369719490204116
629	7.367866101830593
442	7.364222768070012
594	7.33578179579971
295	7.297070745348458
379	7.29503101567302
580	7.289790126734815
633	7.283663306271182
1011	7.251321487619622
45	7.23855983730394
120	7.216592335075511
1629	7.2099825958636234
616	7.20163910372572
905	7.164624272940088
1774	7.152062882641898
1175	7.150464567669131
963	7.140711906962245
761	7.120816017521063
1025	7.0935417159072545
151	7.074272696741518
1126	7.064964279176408
1453	7.064330447573044
1082	7.059921402488833
1911	7.059264574434655
1782	7.042434574776264
331	7.038749318813428
794	7.035980332415065
834	7.035247539974089
1058	7.034688567458552
1418	7.0224749235663655
1609	7.019913726744337
560	7.019152470525066
12	7.015545937671893
462	7.012751853234329
390	7.011952993666222
1799	7.000861216136782
529	6.98801982168191
165	6.980425127809369
312	6.975915947411899
1350	6.973025689813808
2006	6.967048531569951
167	6.965266454401396
180	6.965266454401396
532	6.965266454401396
608	6.965266454401396
642	6.965266454401396
883	6.965266454401396
1121	6.965266454401396
1300	6.965266454401396
1348	6.965266454401396
2024	6.965266454401396
410	6.962544735402719
1430	6.94815775026874
535	6.933602780000146
1742	6.901060337422932
1748	6.897612023683779
1155	6.8871451389669245
369	6.87702008485063
84	6.867532905343991
1187	6.864618388328948
569	6.857008277442977
1667	6.81269726123985
1354	6.809174086953729
630	6.79803574660333
882	6.78358698304221
833	6.778079026694435
819	6.773021872278664
1680	6.766260489142837
1291	6.764825522465443
1975	6.764449818776539
50	6.751254459121573
272	6.737522427277315
1497	6.736934407840652
863	6.735143416315521
732	6.726661135938154
420	6.693999118903936
628	6.687685919732485
485	6.680459028644566
1578	6.6747427164584625
222	6.674141290459571
1616	6.6619775737526385
200	6.658600401989959
918	6.657618342811678
760	6.655439601913213
659	6.6505317911736
1039	6.638561432395541
1867	6.629312340319021
245	6.627107176356387
1601	6.6256647671955715
20	6.621172111077891
1170	6.615117278429314
1310	6.615117278429314
93	6.613465685234388
279	6.613059873751569
1096	6.605276259890411
1140	6.605276259890411
1415	6.594487292272196
1536	6.589754373800885
757	6.584313715543017
362	6.578555542396413
729	6.568532634822709
1930	6.56765959217603
359	6.559311232388644
888	6.55418809229769
1131	6.55418809229769
1592	6.55418809229769
1712	6.535893912258888
658	6.528359380060396
1743	6.509054615595128
1222	6.502231640496928
1595	6.502231640496928
1641	6.502231640496928
241	6.5011506324569295
259	6.5011506324569295
267	6.5011506324569295
389	6.5011506324569295
493	6.5011506324569295
719	6.5011506324569295
754	6.5011506324569295
782	6.5011506324569295
797	6.5011506324569295
848	6.5011506324569295
854	6.5011506324569295
959	6.5011506324569295
1038	6.5011506324569295
1311	6.5011506324569295
1345	6.5011506324569295
1485	6.5011506324569295
1757	6.5011506324569295
1802	6.5011506324569295
1812	6.5011506324569295
1853	6.5011506324569295
1885	6.5011506324569295
1886	6.5011506324569295
2026	6.5011506324569295
1689	6.488313166242987
806	6.484387696147205
526	6.478000420602925
1328	6.454765818592428
149	6.450745226213698
930	6.449462001061205
1439	6.447356904543065
476	6.445350831399057
1518	6.433195733221931
1989	6.425975609103325
890	6.424070649153142
980	6.424070649153142
641	6.421908633073147
1674	6.421905003977261
1918	6.420839902220569
741	6.417374716894379
915	6.417374716894379
1213	6.41539628185957
1838	6.41333151252581
1591	6.409708433774685
1281	6.402570652514411
1731	6.401621679809304
1197	6.398018437828923
1192	6.389465122199564
13	6.3884587329445655
859	6.3882663485790525
853	6.388055083954745
1499	6.3849506160631995
1182	6.3749728086592246
818	6.370404595421211
1727	6.366178571118071
1034	6.364588044163581
1173	6.3619100485457425
1927	6.359482192357499
725	6.358152368909023
1857	6.356410847725712
531	6.346869042930058
1868	6.346869042930058
1007	6.344726107490472
122	6.343006010967757
376	6.342785487245439
32	6.3423684044178374
99	6.3423684044178374
164	6.3423684044178374
346	6.3423684044178374
679	6.3423684044178374
740	6.3423684044178374
907	6.3423684044178374
1181	6.3423684044178374
1374	6.3423684044178374
1514	6.3423684044178374
1728	6.3423684044178374
1809	6.3423684044178374
79	6.34128739637784
128	6.34128739637784
133	6.34128739637784
157	6.34128739637784
161	6.34128739637784
216	6.34128739637784
238	6.34128739637784
287	6.34128739637784
308	6.34128739637784
428	6.34128739637784
454	6.34128739637784
456	6.34128739637784
467	6.34128739637784
495	6.34128739637784
554	6.34128739637784
564	6.34128739637784
609	6.34128739637784
638	6.34128739637784
647	6.34128739637784
726	6.34128739637784
739	6.34128739637784
877	6.34128739637784
879	6.34128739637784
936	6.34128739637784
942	6.34128739637784
954	6.34128739637784
974	6.34128739637784
1051	6.34128739637784
1183	6.34128739637784
1237	6.34128739637784
1248	6.34128739637784
1315	6.34128739637784
1321	6.34128739637784
1367	6.34128739637784
1433	6.34128739637784
1456	6.34128739637784
1478	6.34128739637784
1502	6.34128739637784
1529	6.34128739637784
1569	6.34128739637784
1605	6.34128739637784
1622	6.34128739637784
1623	6.34128739637784
1666	6.34128739637784
1789	6.34128739637784
1866	6.34128739637784
1875	6.34128739637784
1877	6.34128739637784
1879	6.34128739637784
1883	6.34128739637784
1890	6.34128739637784
1945	6.34128739637784
1977	6.34128739637784
33	6.3403915313029735
144	6.3403915313029735
1154	6.3403915313029735
1178	6.3403915313029735
1136	6.334236905962336
1777	6.324947360638488
1526	6.318206075211297
626	6.316680451409545
17	6.30783916506816
697	6.30783916506816
1617	6.30783916506816
58	6.3067581570281614
631	6.3067581570281614
1388	6.3067581570281614
1413	6.3067581570281614
1466	6.3067581570281614
1551	6.3067581570281614
1722	6.3067581570281614
248	6.29870682545832
603	6.2877573067615895
1164	6.2863545077867435
69	6.285273499746746
406	6.285273499746746
460	6.285273499746746
573	6.285273499746746
1117	6.285273499746746
1515	6.285273499746746
1545	6.285273499746746
1572	6.285273499746746
1574	6.285273499746746
1434	6.279617828840473
615	6.278277608326931
1955	6.277421571339317
97	6.275939076810634
293	6.270611011186272
1238	6.265458388663214
1823	6.263693968258286
1625	6.262015677156736
689	6.254923624020714
632	6.250994785236967
1223	6.250994785236967
1612	6.250994785236967
1671	6.250994785236967
521	6.239479190616134
1738	6.237165784659461
620	6.236652643724368
763	6.235029041536427
1762	6.217866609055217
441	6.211492759270172
229	6.204898170510915
1195	6.201210119172773
730	6.189802507912402
1097	6.1868157357725035
1500	6.176872574953867
784	6.172288231268253
1018	6.170846339918263
1922	6.160919812152259
1813	6.157198439702894
1673	6.157020340739634
466	6.1548500681658975
1830	6.151279591825913
599	6.146640673859061
825	6.14625215430842
435	6.14215897931752
98	6.139186493848721
1994	6.124978078922689
158	6.110696337113518
1102	6.103674474881529
1009	6.0965915199789515
1066	6.091964908803828
671	6.09179318643208
542	6.091591447543118
383	6.090692183788631
421	6.0895940946893905
1798	6.0895940946893905
510	6.080457897513229
1266	6.0803277290349165
1393	6.052732520601939
861	6.0427013151000875
250	6.042665811907694
282	6.041326336806035
1207	6.036192889199113
1896	6.036192889199113
424	6.035463941073872
1658	6.033031205967374
1435	6.028695632350443
1709	6.027614624310446
956	6.027300685242382
1091	6.026270009300326
2	6.026219677202383
373	6.026219677202383
483	6.026219677202383
590	6.026219677202383
1544	6.026219677202383
1914	6.024107993220332
1234	6.022356278802982
1988	6.020713282595972
1796	6.019189936723508
106	6.00790777955324
176	6.00790777955324
1715	6.005255421809902
256	6.0024862824041
1000	6.001405274364103
118	5.992199770886772
1684	5.992065518136689
1990	5.986352843874072
746	5.986041733244871
220	5.985210994454326
1693	5.984361786341077
1881	5.983881996978309
291	5.980924721719903
990	5.979843713679907
1705	5.9692133554361915
1125	5.966321256964192
728	5.9636781252308895
107	5.961973842518109
124	5.961973842518109
230	5.961973842518109
545	5.961973842518109
621	5.961973842518109
977	5.961973842518109
1016	5.961973842518109
1043	5.961973842518109
1162	5.961973842518109
1412	5.961973842518109
1579	5.961973842518109
1647	5.961973842518109
1827	5.961973842518109
1908	5.961973842518109
1419	5.961644402706314
1416	5.955043377601362
1541	5.9533691102218675
1581	5.952973470671322
1634	5.94982823042592
1098	5.946849921089283
135	5.944892613340021
1613	5.940608521650513
1698	5.940565086777067
850	5.933380566761788
870	5.931898196452748
145	5.9308171884127505
391	5.9308171884127505
655	5.9308171884127505
857	5.9308171884127505
925	5.9308171884127505
935	5.9308171884127505
989	5.9308171884127505
1085	5.9308171884127505
1146	5.9308171884127505
1209	5.9308171884127505
1460	5.9308171884127505
1462	5.9308171884127505
1755	5.9308171884127505
1861	5.9308171884127505
148	5.913157662272195
1376	5.90160864699409
182	5.895898638088548
991	5.888694263661702
1303	5.881954555983131
1488	5.875780504501622
1941	5.8732344154927025
1801	5.8650309492106665
1302	5.864293488010647
753	5.86321247997065
1371	5.86321247997065
1339	5.844536987185171
1342	5.822716531366543
1880	5.806251127525401
592	5.805762492745467
432	5.791340701523842
582	5.753628037856918
1150	5.751181786707483
142	5.745604410041002
498	5.7376480718170555
1231	5.736460268191879
205	5.732655310579222
928	5.731947991100989
1363	5.715759355853651
1831	5.713601653764387
1912	5.713399393339083
1780	5.691093375666041
902	5.688871188025647
839	5.686672998499235
178	5.671783211896241
488	5.670617817162157
718	5.643713969950197
76	5.639058569849264
1340	5.626651300040804
1267	5.620991270587232
1076	5.619910262547235
1186	5.619910262547235
1337	5.619910262547235
1852	5.619910262547235
998	5.617153354652275
734	5.610365184528874
288	5.58485128321051
849	5.575687795415482
353	5.568820169714416
1149	5.562964109968514
1022	5.561961470635248
478	5.547504619144728
736	5.543126247639045
785	5.532900442091251
249	5.5283754673199414
1575	5.5283754673199414
459	5.527639552476339
175	5.527294459279943
371	5.527294459279943
397	5.527294459279943
426	5.527294459279943
777	5.527294459279943
826	5.527294459279943
835	5.527294459279943
971	5.527294459279943
1012	5.527294459279943
1044	5.527294459279943
1112	5.527294459279943
1127	5.527294459279943
1443	5.527294459279943
1614	5.527294459279943
1659	5.527294459279943
1675	5.527294459279943
1970	5.527294459279943
2028	5.527294459279943
494	5.525185800506672
583	5.525185800506672
994	5.525185800506672
1184	5.525185800506672
1484	5.525185800506672
1948	5.525185800506672
1710	5.506778804241116
1618	5.481151704355347
1717	5.457720912669253
969	5.438548764554509
1385	5.438548764554509
897	5.4377359113465555
181	5.437467756514513
342	5.437467756514513
351	5.437467756514513
399	5.437467756514513
709	5.437467756514513
1122	5.437467756514513
1567	5.437467756514513
1682	5.437467756514513
1725	5.437467756514513
1862	5.437467756514513
1059	5.433537973172344
551	5.430282011057823
1297	5.423195865766774
1505	5.408856307663349
1504	5.39732462261044
1870	5.39732462261044
201	5.391912288408724
475	5.385730511141899
1690	5.384952098771999
1268	5.377362367519809
251	5.375845737051206
1565	5.367866101830594
341	5.3674533616903
1468	5.347376456298652
284	5.3452155346135495
134	5.344134526573552
1353	5.344134526573552
1398	5.337860927938967
179	5.334244544157078
252	5.313918868570799
1628	5.313918868570799
1999	5.313918868570799
131	5.312837860530802
318	5.312837860530802
567	5.312837860530802
759	5.312837860530802
862	5.312837860530802
1284	5.312837860530802
1335	5.312837860530802
1423	5.312837860530802
1573	5.312837860530802
987	5.304727182281639
975	5.302967629181483
1441	5.26432840949959
1543	5.261218261065919
370	5.248701280047694
481	5.248701280047694
788	5.248701280047694
922	5.248701280047694
1481	5.248701280047694
1494	5.248701280047694
1934	5.248701280047694
1047	5.242328667937763
549	5.241809623573974
747	5.241809623573974
979	5.2417317737619875
1105	5.240817211550164
10	5.2407286155339765
156	5.2407286155339765
163	5.2407286155339765
234	5.2407286155339765
303	5.2407286155339765
347	5.2407286155339765
437	5.2407286155339765
541	5.2407286155339765
703	5.2407286155339765
720	5.2407286155339765
800	5.2407286155339765
821	5.2407286155339765
876	5.2407286155339765
887	5.2407286155339765
940	5.2407286155339765
944	5.2407286155339765
949	5.2407286155339765
960	5.2407286155339765
1087	5.2407286155339765
1128	5.2407286155339765
1133	5.2407286155339765
1256	5.2407286155339765
1299	5.2407286155339765
1319	5.2407286155339765
1347	5.2407286155339765
1422	5.2407286155339765
1469	5.2407286155339765
1559	5.2407286155339765
1566	5.2407286155339765
1604	5.2407286155339765
1681	5.2407286155339765
1776	5.2407286155339765
1869	5.2407286155339765
2002	5.2407286155339765
678	5.225333390227566
206	5.223104028614193
1444	5.214730653942497
1216	5.214587267227908
430	5.207319735815348
634	5.207257380336259
1263	5.1984183735769935
219	5.1969333673554114
1261	5.194323877753245
1655	5.189736262944131
185	5.188655254904134
1017	5.188655254904134
1104	5.188655254904134
330	5.16812962917501
247	5.165747155224142
1897	5.161051007184438
1720	5.155282903091199
246	5.1550600557641655
5	5.149622637187166
87	5.149622637187166
129	5.149622637187166
223	5.149622637187166
228	5.149622637187166
263	5.149622637187166
444	5.149622637187166
705	5.149622637187166
764	5.149622637187166
805	5.149622637187166
1157	5.149622637187166
1246	5.149622637187166
1308	5.149622637187166
1384	5.149622637187166
1451	5.149622637187166
1758	5.149622637187166
1800	5.149622637187166
1983	5.149622637187166
226	5.148541629147169
332	5.148541629147169
500	5.148541629147169
778	5.148541629147169
917	5.148541629147169
946	5.148541629147169
970	5.148541629147169
1095	5.148541629147169
1257	5.148541629147169
1275	5.148541629147169
1334	5.148541629147169
1404	5.148541629147169
1446	5.148541629147169
1491	5.148541629147169
1583	5.148541629147169
1828	5.148541629147169
1860	5.148541629147169
1954	5.148541629147169
1964	5.148541629147169
2000	5.148541629147169
2013	5.148541629147169
1615	5.148361203393665
363	5.127489441463413
1290	5.12582408225964
1454	5.12582408225964
38	5.118197794066459
486	5.115936317817692
2010	5.113927663049679
1383	5.0925987190535
540	5.082401051736465
1759	5.082401051736465
26	5.079043713585282
803	5.079043713585282
872	5.079043713585282
53	5.077962705545285
490	5.077962705545285
712	5.077962705545285
981	5.077962705545285
1163	5.077962705545285
1349	5.077962705545285
1554	5.077962705545285
1588	5.077962705545285
1672	5.077962705545285
1747	5.077962705545285
1904	5.077962705545285
1449	5.0769054147036465
283	5.072172424770643
1694	5.0662147081062985
1981	5.0662147081062985
137	5.062034400046122
367	5.062034400046122
1957	5.0511669238067585
749	5.049559597087726
1293	5.049559597087726
1846	5.049531111012899
29	5.042046123539852
1333	5.042046123539852
127	5.029151888377436
838	5.028396938535193
1932	5.028396938535193
67	5.027315930495197
281	5.027315930495197
461	5.027315930495197
471	5.027315930495197
473	5.027315930495197
489	5.027315930495197
533	5.027315930495197
534	5.027315930495197
548	5.027315930495197
591	5.027315930495197
706	5.027315930495197
710	5.027315930495197
802	5.027315930495197
810	5.027315930495197
908	5.027315930495197
932	5.027315930495197
947	5.027315930495197
1054	5.027315930495197
1109	5.027315930495197
1177	5.027315930495197
1188	5.027315930495197
1221	5.027315930495197
1417	5.027315930495197
1428	5.027315930495197
1516	5.027315930495197
1562	5.027315930495197
1687	5.027315930495197
1703	5.027315930495197
1723	5.027315930495197
1744	5.027315930495197
1772	5.027315930495197
1891	5.027315930495197
1909	5.027315930495197
2007	5.027315930495197
1381	5.026481541615348
1512	5.0173105517265295
1642	5.015490593033986
1045	4.963852627794113
65	4.962771619754116
68	4.962771619754116
81	4.962771619754116
86	4.962771619754116
116	4.962771619754116
143	4.962771619754116
183	4.962771619754116
192	4.962771619754116
202	4.962771619754116
214	4.962771619754116
232	4.962771619754116
274	4.962771619754116
286	4.962771619754116
309	4.962771619754116
322	4.962771619754116
354	4.962771619754116
356	4.962771619754116
357	4.962771619754116
394	4.962771619754116
405	4.962771619754116
407	4.962771619754116
433	4.962771619754116
438	4.962771619754116
447	4.962771619754116
482	4.962771619754116
496	4.962771619754116
499	4.962771619754116
501	4.962771619754116
515	4.962771619754116
523	4.962771619754116
598	4.962771619754116
610	4.962771619754116
625	4.962771619754116
685	4.962771619754116
716	4.962771619754116
745	4.962771619754116
762	4.962771619754116
814	4.962771619754116
822	4.962771619754116
823	4.962771619754116
847	4.962771619754116
856	4.962771619754116
858	4.962771619754116
878	4.962771619754116
894	4.962771619754116
910	4.962771619754116
952	4.962771619754116
953	4.962771619754116
976	4.962771619754116
996	4.962771619754116
1006	4.962771619754116
1029	4.962771619754116
1033	4.962771619754116
1041	4.962771619754116
1055	4.962771619754116
1086	4.962771619754116
1101	4.962771619754116
1108	4.962771619754116
1141	4.962771619754116
1143	4.962771619754116
1152	4.962771619754116
1204	4.962771619754116
1206	4.962771619754116
1236	4.962771619754116
1242	4.962771619754116
1243	4.962771619754116
1252	4.962771619754116
1265	4.962771619754116
1271	4.962771619754116
1282	4.962771619754116
1307	4.962771619754116
1318	4.962771619754116
1346	4.962771619754116
1359	4.962771619754116
1360	4.962771619754116
1378	4.962771619754116
1379	4.962771619754116
1395	4.962771619754116
1414	4.962771619754116
1436	4.962771619754116
1452	4.962771619754116
1458	4.962771619754116
1463	4.962771619754116
1464	4.962771619754116
1513	4.962771619754116
1531	4.962771619754116
1553	4.962771619754116
1561	4.962771619754116
1584	4.962771619754116
1600	4.962771619754116
1607	4.962771619754116
1636	4.962771619754116
1637	4.962771619754116
1656	4.962771619754116
1704	4.962771619754116
1775	4.962771619754116
1790	4.962771619754116
1820	4.962771619754116
1865	4.962771619754116
1871	4.962771619754116
1902	4.962771619754116
1944	4.962771619754116
1958	4.962771619754116
1959	4.962771619754116
1961	4.962771619754116
1967	4.962771619754116
2021	4.962771619754116
1814	4.959087166807436
1482	4.935836587488802
1984	4.935836587488802
1739	4.931757079574785
1312	4.803230067166076
1019	4.566054091939783
1882	4.553635833925508
2012	4.49017949038241
867	4.452688858347202
450	4.451607850307205
1976	4.30076726429863
21	3.7586635378190763
266	3.602673943411042
385	3.537567487492056
1952	3.2422776048680304
47	3.2129781430776445
1467	3.172210756281372
96	3.0484082911904875
824	2.967877327758861
558	2.749120996014894
1241	2.749120996014894
56	2.6353931575024574
1151	2.6267728325313944
119	2.5913161785319754
1903	2.581121834900714
1402	2.5652049780211477
904	2.5469645724574006
257	2.5293775395343983
1547	2.495811779535673
574	2.4890219345682176
668	2.46985299933245
945	2.4579722384098064
579	2.4479443662593012
1214	2.4477795482106006
1962	2.437095305576975
1549	2.4108327462397
735	2.385388143524124
1465	2.365104507443733
536	2.360508284579561
306	2.355292341177386
1110	2.3326161454487444
1638	2.3294489067054
627	2.285852526243681
1523	2.283727495864226
983	2.2774856965516785
333	2.273612009949624
1594	2.264713830201887
104	2.2444719034317524
1471	2.2152949617202675
1080	2.1768603451669417
831	2.1388856197655817
891	2.1364826684448004
855	2.0572725724410725
1854	2.007078191829442
345	1.954296651492895
177	1.9431840749370388
1701	1.8764656482989797
1309	1.8194273202960705
14	1.768023260677677
31	1.7638099589061649
153	1.6715812347017056
1239	1.5555588358194712
2011	1.5528094897926104
210	1.522151866363347
1073	1.5096735506349535
184	1.4120999498243203
449	1.3135867089363071
15	1.3123147290905322
1919	1.3066556368607154
1956	1.2778824239691207
827	1.1465655137587285
556	1.1415545673161431
1254	1.1235569314009493
1858	1.084000353383672
683	1.0422481953286895
1306	0.9822827521050369
1663	0.9194825394653993
415	0.8773486241616781
429	0.6218603017502209
798	0.48243053374417777
1563	0.44933575839849943
1639	0.42083976116842087
1892	0.38253525568228997
1754	0.38157920405399154
440	0.37712887156634456
795	0.37521812971333696
1426	0.3695873853933936
565	0.36237126400343317
1557	0.35249531666217865
463	0.3369666845860996
1818	0.3345825381450773
1218	0.32250940544102047
80	0.31997295401145015
197	0.31028495563265107
1763	0.30071733600265455
711	0.2950268137407522
1399	0.2936891719158344
1506	0.2936891719158344
832	0.29251964546512094
1387	0.29216606805282386
1253	0.2912815686746525
1486	0.2892459665116915
654	0.2888931504356946
686	0.2878121423956973
1285	0.2878121423956973
64	0.28614573797412207
1950	0.2850647299341248
434	0.2831932389793189
572	0.2750811078630015
35	0.2748652438203375
323	0.2748652438203375
1134	0.2748652438203375
502	0.2688713177450287
105	0.2653480169404948
992	0.261267195045335
704	0.2610117777014077
227	0.260593401541348
965	0.2582131519750197
109	0.2545402551376853
1845	0.2524068206378033
290	0.24935644445925997
1358	0.24780226599570235
1191	0.23986772133329395
1997	0.2393189030928672
1405	0.23559894028520936
1061	0.23451315315557797
666	0.23296999588293224
1685	0.23156664916545688
1966	0.2296548932292076
195	0.2284437621810916
316	0.22319515909171211
899	0.22145605329708257
1410	0.21809979720070136
1718	0.2172990869543967
366	0.21694257271634335
973	0.21694257271634335
23	0.21586156467634607
28	0.21586156467634607
75	0.21586156467634607
77	0.21586156467634607
125	0.21586156467634607
173	0.21586156467634607
187	0.21586156467634607
188	0.21586156467634607
337	0.21586156467634607
343	0.21586156467634607
382	0.21586156467634607
400	0.21586156467634607
414	0.21586156467634607
469	0.21586156467634607
518	0.21586156467634607
557	0.21586156467634607
561	0.21586156467634607
586	0.21586156467634607
639	0.21586156467634607
670	0.21586156467634607
672	0.21586156467634607
692	0.21586156467634607
694	0.21586156467634607
695	0.21586156467634607
698	0.21586156467634607
724	0.21586156467634607
731	0.21586156467634607
816	0.21586156467634607
860	0.21586156467634607
881	0.21586156467634607
896	0.21586156467634607
906	0.21586156467634607
931	0.21586156467634607
933	0.21586156467634607
1015	0.21586156467634607
1020	0.21586156467634607
1062	0.21586156467634607
1067	0.21586156467634607
1090	0.21586156467634607
1153	0.21586156467634607
1167	0.21586156467634607
1180	0.21586156467634607
1193	0.21586156467634607
1200	0.21586156467634607
1229	0.21586156467634607
1276	0.21586156467634607
1286	0.21586156467634607
1320	0.21586156467634607
1336	0.21586156467634607
1361	0.21586156467634607
1362	0.21586156467634607
1408	0.21586156467634607
1420	0.21586156467634607
1472	0.21586156467634607
1487	0.21586156467634607
1570	0.21586156467634607
1645	0.21586156467634607
1662	0.21586156467634607
1677	0.21586156467634607
1778	0.21586156467634607
1794	0.21586156467634607
1829	0.21586156467634607
1848	0.21586156467634607
1925	0.21586156467634607
423	0.21342540035234206
313	0.2123644274692967
1081	0.21196378429227036
1079	0.21194901311262188
1304	0.20314374982529465
575	0.19953898306326362
1652	0.1984620590143949
756	0.1971977961465369
1691	0.1919422965441942
1394	0.19170534065168388
352	0.1906715511880825
1235	0.1906715511880825
1305	0.1906243326116866
325	0.18959054314808518
552	0.18959054314808518
1480	0.18597239371028568
186	0.18520135548333344
1114	0.18116499711112383
1118	0.18116499711112383
22	0.1779939363629575
1124	0.17746844192117514
520	0.17615692061577987
375	0.17296475441330136
1805	0.17191054776548648
1232	0.17129992045974546
108	0.1678395636846767
1737	0.16602235526336484
39	0.1648548364658055
892	0.16001693340897613
166	0.15580211935761162
584	0.15580211935761162
1425	0.15247682168861382
1070	0.15077448681374345
948	0.14737413622363738
464	0.14650969932708713
11	0.14337181227267376
117	0.14337181227267376
243	0.14337181227267376
796	0.14337181227267376
916	0.14337181227267376
978	0.14337181227267376
1052	0.14337181227267376
1135	0.14337181227267376
1382	0.14337181227267376
1816	0.14337181227267376
2001	0.14337181227267376
1740	0.14277392570144837
285	0.14229080423267645
395	0.14229080423267645
602	0.14229080423267645
1100	0.14229080423267645
1227	0.14229080423267645
1649	0.14229080423267645
1788	0.14229080423267645
1856	0.14229080423267645
261	0.13939132053250944
42	0.13663375198583264
587	0.13663375198583264
1049	0.13663375198583264
1244	0.13663375198583264
1292	0.13663375198583264
436	0.13630605987814318
443	0.13519489231900228
727	0.13463480317625168
1953	0.1337203266437173
492	0.1305026474332656
1477	0.12940756280768292
425	0.12914293818509162
701	0.12273227600491861
199	0.1187209734687313
868	0.1187209734687313
1004	0.1187209734687313
1189	0.1187209734687313
1749	0.1187209734687313
1825	0.1187209734687313
1826	0.1187209734687313
6	0.11763996542873398
7	0.11763996542873398
9	0.11763996542873398
30	0.11763996542873398
57	0.11763996542873398
73	0.11763996542873398
89	0.11763996542873398
95	0.11763996542873398
113	0.11763996542873398
114	0.11763996542873398
126	0.11763996542873398
139	0.11763996542873398
171	0.11763996542873398
207	0.11763996542873398
212	0.11763996542873398
235	0.11763996542873398
255	0.11763996542873398
269	0.11763996542873398
300	0.11763996542873398
311	0.11763996542873398
321	0.11763996542873398
338	0.11763996542873398
368	0.11763996542873398
377	0.11763996542873398
380	0.11763996542873398
413	0.11763996542873398
416	0.11763996542873398
477	0.11763996542873398
484	0.11763996542873398
504	0.11763996542873398
527	0.11763996542873398
537	0.11763996542873398
544	0.11763996542873398
555	0.11763996542873398
581	0.11763996542873398
597	0.11763996542873398
611	0.11763996542873398
635	0.11763996542873398
646	0.11763996542873398
662	0.11763996542873398
674	0.11763996542873398
676	0.11763996542873398
750	0.11763996542873398
768	0.11763996542873398
769	0.11763996542873398
776	0.11763996542873398
790	0.11763996542873398
791	0.11763996542873398
813	0.11763996542873398
840	0.11763996542873398
845	0.11763996542873398
846	0.11763996542873398
851	0.11763996542873398
886	0.11763996542873398
901	0.11763996542873398
920	0.11763996542873398
966	0.11763996542873398
985	0.11763996542873398
1002	0.11763996542873398
1013	0.11763996542873398
1031	0.11763996542873398
1071	0.11763996542873398
1083	0.11763996542873398
1094	0.11763996542873398
1111	0.11763996542873398
1132	0.11763996542873398
1139	0.11763996542873398
1142	0.11763996542873398
1147	0.11763996542873398
1160	0.11763996542873398
1171	0.11763996542873398
1172	0.11763996542873398
1224	0.11763996542873398
1228	0.11763996542873398
1259	0.11763996542873398
1264	0.11763996542873398
1279	0.11763996542873398
1289	0.11763996542873398
1296	0.11763996542873398
1313	0.11763996542873398
1329	0.11763996542873398
1330	0.11763996542873398
1332	0.11763996542873398
1338	0.11763996542873398
1356	0.11763996542873398
1368	0.11763996542873398
1370	0.11763996542873398
1400	0.11763996542873398
1437	0.11763996542873398
1447	0.11763996542873398
1455	0.11763996542873398
1459	0.11763996542873398
1498	0.11763996542873398
1507	0.11763996542873398
1564	0.11763996542873398
1568	0.11763996542873398
1620	0.11763996542873398
1633	0.11763996542873398
1700	0.11763996542873398
1713	0.11763996542873398
1721	0.11763996542873398
1730	0.11763996542873398
1734	0.11763996542873398
1783	0.11763996542873398
1804	0.11763996542873398
1806	0.11763996542873398
1811	0.11763996542873398
1815	0.11763996542873398
1822	0.11763996542873398
1832	0.11763996542873398
1850	0.11763996542873398
1859	0.11763996542873398
1873	0.11763996542873398
1898	0.11763996542873398
1905	0.11763996542873398
1916	0.11763996542873398
1917	0.11763996542873398
1921	0.11763996542873398
1935	0.11763996542873398
1951	0.11763996542873398
2005	0.11763996542873398
2015	0.11763996542873398
2017	0.11763996542873398
2019	0.11763996542873398
1556	0.11605559790714179
1650	0.11605559790714179
132	0.11557964366538302
253	0.11550556460436005
1389	0.11550556460436005
576	0.11524219542600664
1372	0.114769794519892
714	0.11475749571824786
828	0.11475749571824786
386	0.11446078891362614
1424	0.11446078891362614
1352	0.11246697371452685
1724	0.11212307455945829
553	0.1088151426694531
74	0.1077341346294558
136	0.1077341346294558
168	0.1077341346294558
196	0.1077341346294558
218	0.1077341346294558
280	0.1077341346294558
650	0.1077341346294558
717	0.1077341346294558
873	0.1077341346294558
955	0.1077341346294558
961	0.1077341346294558
964	0.1077341346294558
1064	0.1077341346294558
1084	0.1077341346294558
1129	0.1077341346294558
1295	0.1077341346294558
1331	0.1077341346294558
1409	0.1077341346294558
1432	0.1077341346294558
1532	0.1077341346294558
1597	0.1077341346294558
1608	0.1077341346294558
1791	0.1077341346294558
1936	0.1077341346294558
60	0.1077288488046717
239	0.1077288488046717
319	0.1077288488046717
653	0.1077288488046717
738	0.1077288488046717
470	0.10772693939710912
160	0.1066478407646744
276	0.1066478407646744
335	0.1066478407646744
570	0.1066478407646744
708	0.1066478407646744
786	0.1066478407646744
885	0.1066478407646744
1202	0.1066478407646744
1552	0.1066478407646744
1707	0.1066478407646744
1735	0.1066478407646744
1773	0.10602220675080351
1960	0.10217460343088018
302	0.10146902052093935
361	0.10146902052093935
458	0.10146902052093935
1008	0.10146902052093935
1245	0.10146902052093935
1761	0.10146902052093935
1926	0.10146902052093935
1928	0.10146902052093935
1855	0.09891536636818317
1803	0.09890311677144567
1697	0.09790540769460503
1907	0.09790540769460503
94	0.0964959090606202
1280	0.0964959090606202
1324	0.0964959090606202
1190	0.09639631715302209
1683	0.09530169732624719
19	0.09472446204056274
72	0.09472446204056274
102	0.09472446204056274
130	0.09472446204056274
147	0.09472446204056274
340	0.09472446204056274
468	0.09472446204056274
487	0.09472446204056274
506	0.09472446204056274
571	0.09472446204056274
613	0.09472446204056274
643	0.09472446204056274
660	0.09472446204056274
807	0.09472446204056274
844	0.09472446204056274
923	0.09472446204056274
934	0.09472446204056274
951	0.09472446204056274
1027	0.09472446204056274
1040	0.09472446204056274
1048	0.09472446204056274
1123	0.09472446204056274
1166	0.09472446204056274
1201	0.09472446204056274
1219	0.09472446204056274
1250	0.09472446204056274
1262	0.09472446204056274
1325	0.09472446204056274
1386	0.09472446204056274
1396	0.09472446204056274
1403	0.09472446204056274
1558	0.09472446204056274
1577	0.09472446204056274
1599	0.09472446204056274
1610	0.09472446204056274
1632	0.09472446204056274
1648	0.09472446204056274
1654	0.09472446204056274
1661	0.09472446204056274
1676	0.09472446204056274
1741	0.09472446204056274
1781	0.09472446204056274
1786	0.09472446204056274
1819	0.09472446204056274
1910	0.09472446204056274
1929	0.09472446204056274
1937	0.09472446204056274
1968	0.09472446204056274
1978	0.09472446204056274
2018	0.09472446204056274
1457	0.09458718701766354
864	0.09345548139818274
1503	0.09016692362972561
275	0.08444654751938266
517	0.08444654751938266
596	0.08444654751938266
622	0.08444654751938266
649	0.08444654751938266
682	0.08444654751938266
765	0.08444654751938266
812	0.08444654751938266
815	0.08444654751938266
1021	0.08444654751938266
1032	0.08444654751938266
1046	0.08444654751938266
1093	0.08444654751938266
1220	0.08444654751938266
1226	0.08444654751938266
1392	0.08444654751938266
1511	0.08444654751938266
1548	0.08444654751938266
1571	0.08444654751938266
1626	0.08444654751938266
1651	0.08444654751938266
1665	0.08444654751938266
1711	0.08444654751938266
1714	0.08444654751938266
1764	0.08444654751938266
804	0.08074199093780965
1841	0.07982334681903838
1940	0.07982334681903838
687	0.07914403856883677
324	0.07820661156120681
1357	0.07820661156120681
360	0.07665808078877484
48	0.07520946272394265
1148	0.07508472402904823
1473	0.07508472402904823
1078	0.07392727468172294
1366	0.07392727468172294
612	0.07303158575934851
644	0.07303158575934851
1225	0.07303158575934851
1260	0.07303158575934851
1431	0.07303158575934851
1448	0.07303158575934851
1643	0.07303158575934851
1732	0.07303158575934851
1849	0.07303158575934851
1969	0.07303158575934851
37	0.07298436718295262
85	0.07298436718295262
665	0.07298436718295262
874	0.07298436718295262
1024	0.07298436718295262
1270	0.07298436718295262
1421	0.07298436718295262
1621	0.07298436718295262
1784	0.07298436718295262
16	0.07195057771935122
27	0.07195057771935122
46	0.07195057771935122
49	0.07195057771935122
52	0.07195057771935122
123	0.07195057771935122
242	0.07195057771935122
254	0.07195057771935122
264	0.07195057771935122
294	0.07195057771935122
314	0.07195057771935122
317	0.07195057771935122
384	0.07195057771935122
448	0.07195057771935122
451	0.07195057771935122
455	0.07195057771935122
525	0.07195057771935122
530	0.07195057771935122
559	0.07195057771935122
600	0.07195057771935122
617	0.07195057771935122
623	0.07195057771935122
652	0.07195057771935122
664	0.07195057771935122
722	0.07195057771935122
742	0.07195057771935122
752	0.07195057771935122
758	0.07195057771935122
770	0.07195057771935122
771	0.07195057771935122
950	0.07195057771935122
967	0.07195057771935122
1028	0.07195057771935122
1075	0.07195057771935122
1176	0.07195057771935122
1247	0.07195057771935122
1255	0.07195057771935122
1283	0.07195057771935122
1316	0.07195057771935122
1375	0.07195057771935122
1391	0.07195057771935122
1438	0.07195057771935122
1475	0.07195057771935122
1496	0.07195057771935122
1509	0.07195057771935122
1530	0.07195057771935122
1534	0.07195057771935122
1593	0.07195057771935122
1606	0.07195057771935122
1646	0.07195057771935122
1696	0.07195057771935122
1716	0.07195057771935122
1719	0.07195057771935122
1726	0.07195057771935122
1765	0.07195057771935122
1766	0.07195057771935122
1817	0.07195057771935122
1824	0.07195057771935122
1835	0.07195057771935122
1836	0.07195057771935122
1943	0.07195057771935122
1982	0.07195057771935122
1985	0.07195057771935122
2022	0.07195057771935122
2029	0.07195057771935122
121	0.07113459611966558
995	0.07113459611966558
1208	0.0701805478334358
36	0.07005358807966829
224	0.07005358807966829
431	0.07005358807966829
508	0.07005358807966829
667	0.07005358807966829
774	0.07005358807966829
789	0.07005358807966829
889	0.07005358807966829
914	0.07005358807966829
1169	0.07005358807966829
1185	0.07005358807966829
1527	0.07005358807966829
1555	0.07005358807966829
1653	0.07005358807966829
1668	0.07005358807966829
1863	0.07005358807966829
1756	0.06921607345024286
174	0.06831849136421397
1785	0.06676502997861888
417	0.06669471432183935
820	0.06669471432183935
1525	0.06669471432183935
1971	0.06669471432183935
1495	0.06546404585078652
1479	0.06529247136841335
524	0.06528528807447462
1933	0.06528528807447462
1036	0.06492766192485389
1212	0.06492766192485389
299	0.0643444870761781
355	0.0643444870761781
3	0.06374413674496243
1590	0.06374413674496243
1769	0.06367182569487394
140	0.06352503168238982
393	0.06352503168238982
1913	0.06352503168238982
604	0.06259517786527802
208	0.06138258247401984
262	0.06138258247401984
884	0.06138258247401984
866	0.06126761763727934
277	0.06010542905522087
1010	0.06010542905522087
1492	0.05900387374594973
112	0.05821225142876176
150	0.05821225142876176
213	0.05821225142876176
240	0.05821225142876176
307	0.05821225142876176
327	0.05821225142876176
334	0.05821225142876176
472	0.05821225142876176
519	0.05821225142876176
578	0.05821225142876176
909	0.05821225142876176
1072	0.05821225142876176
1560	0.05821225142876176
1602	0.05821225142876176
1923	0.05821225142876176
162	0.057566911193795
900	0.057566911193795
1317	0.057566911193795
1851	0.057566911193795
1702	0.05746422860788022
1107	0.05672258619949631
2008	0.05672258619949631
1611	0.05658445728472254
221	0.05639918834912257
372	0.05639918834912257
767	0.05613942516471818
358	0.05543153978168702
1158	0.05543153978168702
1533	0.05504167490512033
624	0.05475118986340287
381	0.05365995503101145
507	0.05365995503101145
568	0.05365995503101145
721	0.05365995503101145
1821	0.05365995503101145
1991	0.05365995503101145
204	0.05329864990862833
4	0.05132311374126253
44	0.050707554614920956
91	0.050707554614920956
191	0.050707554614920956
328	0.050707554614920956
348	0.050707554614920956
364	0.050707554614920956
388	0.050707554614920956
404	0.050707554614920956
509	0.050707554614920956
516	0.050707554614920956
636	0.050707554614920956
783	0.050707554614920956
958	0.050707554614920956
1030	0.050707554614920956
1042	0.050707554614920956
1069	0.050707554614920956
1103	0.050707554614920956
1137	0.050707554614920956
1445	0.050707554614920956
1508	0.050707554614920956
1528	0.050707554614920956
1598	0.050707554614920956
1750	0.050707554614920956
1901	0.050707554614920956
1915	0.050707554614920956
1965	0.050707554614920956
1993	0.050707554614920956
2025	0.050707554614920956
141	0.050503641734274504
607	0.05027724149998939
801	0.05027724149998939
968	0.05027724149998939
1521	0.05027724149998939
1631	0.05027724149998939
1840	0.05027724149998939
233	0.0502702881788209
66	0.050063683143388285
924	0.050063683143388285
2023	0.04985474919123903
297	0.04967191752053592
780	0.04967191752053592
1887	0.04967191752053592
1407	0.049524472632261354
1795	0.04949785598489704
1490	0.049477949291021305
51	0.049475975234090766
751	0.049475975234090766
1893	0.049475975234090766
2003	0.049475975234090766
115	0.049273779124334637
1889	0.049273779124334637
1679	0.04900226268421908
1288	0.04899692069832771
231	0.04896340621559061
298	0.04888569840060486
61	0.048865888806004135
374	0.048865888806004135
589	0.048865888806004135
1695	0.048865888806004135
2016	0.048865888806004135
1678	0.0488643946639584
387	0.04880950349013523
392	0.048634018657776376
1699	0.048634018657776376
1939	0.048634018657776376
1946	0.048634018657776376
40	0.04843128219771808
1014	0.04843128219771808
1746	0.04843128219771808
1205	0.04839694125102401
1113	0.04831943800980478
41	0.04828779243872802
54	0.04827528088084786
111	0.04827528088084786
154	0.04827528088084786
189	0.04827528088084786
378	0.04827528088084786
402	0.04827528088084786
514	0.04827528088084786
562	0.04827528088084786
669	0.04827528088084786
733	0.04827528088084786
988	0.04827528088084786
1088	0.04827528088084786
1326	0.04827528088084786
1373	0.04827528088084786
1793	0.04827528088084786
1872	0.04827528088084786
1973	0.04827528088084786
1986	0.04827528088084786
2004	0.04827528088084786
1834	0.04824443567177963
1005	0.048229038274798824
1035	0.048229038274798824
1089	0.048229038274798824
194	0.048192771084337345
268	0.048192771084337345
289	0.048192771084337345
326	0.048192771084337345
365	0.048192771084337345
566	0.048192771084337345
699	0.048192771084337345
962	0.048192771084337345
1056	0.048192771084337345
1057	0.048192771084337345
1060	0.048192771084337345
1092	0.048192771084337345
1450	0.048192771084337345
1810	0.048192771084337345
1895	0.048192771084337345
2014	0.048192771084337345
1050	0.040252589716439205
1116	0.039522691255580125
110	0.03917480955511517
911	0.03917480955511517
315	0.038760896011524125
1797	0.038760896011524125
793	0.03855922429382552
1582	0.03855922429382552
59	0.03844168321558282
593	0.03844168321558282
601	0.03844168321558282
707	0.03844168321558282
893	0.03844168321558282
957	0.03844168321558282
1215	0.03844168321558282
2009	0.03844168321558282
101	0.038093801515117875
103	0.038093801515117875
271	0.038093801515117875
310	0.038093801515117875
422	0.038093801515117875
446	0.038093801515117875
474	0.038093801515117875
497	0.038093801515117875
505	0.038093801515117875
546	0.038093801515117875
588	0.038093801515117875
595	0.038093801515117875
645	0.038093801515117875
648	0.038093801515117875
651	0.038093801515117875
673	0.038093801515117875
700	0.038093801515117875
787	0.038093801515117875
811	0.038093801515117875
919	0.038093801515117875
1003	0.038093801515117875
1063	0.038093801515117875
1077	0.038093801515117875
1115	0.038093801515117875
1130	0.038093801515117875
1145	0.038093801515117875
1156	0.038093801515117875
1161	0.038093801515117875
1251	0.038093801515117875
1322	0.038093801515117875
1341	0.038093801515117875
1343	0.038093801515117875
1401	0.038093801515117875
1470	0.038093801515117875
1476	0.038093801515117875
1517	0.038093801515117875
1589	0.038093801515117875
1596	0.038093801515117875
1627	0.038093801515117875
1729	0.038093801515117875
1736	0.038093801515117875
1745	0.038093801515117875
1842	0.038093801515117875
1847	0.038093801515117875
1900	0.038093801515117875
1972	0.038093801515117875
2020	0.038093801515117875
159	0.03768336755983784
929	0.03768336755983784
78	0.037679887971526826
82	0.037679887971526826
193	0.037679887971526826
618	0.037679887971526826
693	0.037679887971526826
696	0.037679887971526826
921	0.037679887971526826
927	0.037679887971526826
1068	0.037679887971526826
1519	0.037679887971526826
1630	0.037679887971526826
1752	0.037679887971526826
1884	0.037679887971526826
1931	0.037679887971526826
190	0.03757854274069639
1053	0.03757854274069639
1199	0.03757854274069639
1174	0.03757847719028988
260	0.03756572981819493
43	0.037478216253828224
63	0.037478216253828224
522	0.037478216253828224
563	0.037478216253828224
577	0.037478216253828224
755	0.037478216253828224
1065	0.037478216253828224
1233	0.037478216253828224
1273	0.037478216253828224
1461	0.037478216253828224
1664	0.037478216253828224
1760	0.037478216253828224
1938	0.037478216253828224
