P_infect = 0.2 P_initial_infect = 0.001 Runs per marginal node = 1000000
Trained on entire data-set
( end_time - start_time ) / 3600 = 10.012169722186195 hours
Node ID	Reward so Far	Marginal gain
453	0.372094	0.372094
246	0.385802	0.013707999999999998
1952	0.392898	0.007096000000000047
1144	0.399425	0.0065269999999999495
1701	0.405258	0.005833000000000033
547	0.410769	0.005510999999999988
1377	0.415213	0.0044440000000000035
278	0.416871	0.0016579999999999928
1874	0.418465	0.0015939999999999843
1889	0.420046	0.001580999999999999
1907	0.421603	0.0015570000000000306
1953	0.423069	0.0014659999999999673
115	0.42451	0.0014410000000000256
227	0.425854	0.0013440000000000119
1966	0.427162	0.0013079999999999758
795	0.428418	0.0012560000000000349
1287	0.429629	0.001210999999999962
1803	0.430817	0.0011880000000000224
1005	0.431973	0.0011559999999999904
831	0.433096	0.0011229999999999851
