P_infect = 0.2 P_initial_infect = 0.001 Runs per marginal node = 1000
Node ID	Reward so Far	Marginal gain
1874	0.379	0.379
246	0.424	0.044999999999999984
453	0.451	0.027000000000000024
1907	0.492	0.04099999999999998
43	0.497	0.0050000000000000044
377	0.498	0.0010000000000000009
1706	0.498	0.0
1962	0.511	0.013000000000000012
374	0.512	0.0010000000000000009
282	0.509	-0.0030000000000000027
1426	0.507	-0.0020000000000000018
292	0.511	0.0040000000000000036
583	0.512	0.0010000000000000009
435	0.51	-0.0020000000000000018
114	0.512	0.0020000000000000018
870	0.519	0.007000000000000006
1051	0.523	0.0040000000000000036
1814	0.518	-0.0050000000000000044
429	0.523	0.0050000000000000044
668	0.521	-0.0020000000000000018
965	0.531	0.010000000000000009
624	0.53	-0.0010000000000000009
587	0.527	-0.0030000000000000027
892	0.526	-0.0010000000000000009
266	0.523	-0.0030000000000000027
1904	0.518	-0.0050000000000000044
1950	0.515	-0.0030000000000000027
48	0.522	0.007000000000000006
279	0.527	0.0050000000000000044
1500	0.52	-0.007000000000000006
671	0.514	-0.006000000000000005
1208	0.506	-0.008000000000000007
297	0.497	-0.009000000000000008
165	0.494	-0.0030000000000000027
521	0.513	0.019000000000000017
484	0.52	0.007000000000000006
1752	0.522	0.0020000000000000018
30	0.536	0.014000000000000012
926	0.531	-0.0050000000000000044
426	0.52	-0.01100000000000001
469	0.521	0.0010000000000000009
667	0.525	0.0040000000000000036
205	0.521	-0.0040000000000000036
1310	0.545	0.02400000000000002
249	0.543	-0.0020000000000000018
1940	0.54	-0.0030000000000000027
1159	0.536	-0.0040000000000000036
915	0.528	-0.008000000000000007
895	0.551	0.02300000000000002
774	0.54	-0.01100000000000001
