P_infect = 0.2 P_initial_infect = 0.001 Runs per marginal node = 1000
Trained on entire dataset
( end_time - start_time ) / 3600 = 15.506276388896836 hours
Node ID	Reward so Far	Marginal gain
1586	6.123	6.123
1874	6.123	-1.9180000000000001
1258	4.205	0.001000000000000334
453	4.206	-1.3290000000000006
1669	2.877	-0.22099999999999964
1768	2.656	0.0040000000000000036
999	2.66	0.017999999999999794
1839	2.678	-0.09899999999999975
511	2.579	-0.010000000000000231
203	2.569	-0.017999999999999794
1440	2.551	-0.0050000000000003375
1144	2.546	-0.08899999999999997
1963	2.457	0.017000000000000348
1998	2.474	0.021999999999999797
585	2.496	-0.01100000000000012
1987	2.485	-0.08400000000000007
412	2.401	0.038000000000000256
1899	2.439	0.07099999999999973
350	2.51	0.002000000000000224
1287	2.512	-0.11500000000000021
869	2.397	0.04700000000000015
1576	2.444	-0.09299999999999997
155	2.351	0.020999999999999908
465	2.372	0.05699999999999994
1522	2.429	-0.04599999999999982
329	2.383	-0.015000000000000124
713	2.368	0.016999999999999904
1974	2.385	0.04900000000000038
1792	2.434	-0.015000000000000124
852	2.419	-0.05799999999999983
1120	2.361	0.054999999999999716
1369	2.416	0.004999999999999893
2027	2.421	-0.0259999999999998
411	2.395	-0.006000000000000227
21	2.389	0.01200000000000001
1278	2.401	0.026000000000000245
1751	2.427	-0.052000000000000046
1587	2.375	0.05600000000000005
702	2.431	-0.039000000000000146
1510	2.392	-0.02499999999999991
1323	2.367	0.03399999999999981
217	2.401	-0.008000000000000007
1277	2.393	-0.06699999999999973
691	2.326	0.04599999999999982
56	2.372	-0.008000000000000007
895	2.364	-0.0129999999999999
1876	2.351	0.0259999999999998
1906	2.377	-0.05999999999999961
457	2.317	-0.020000000000000018
1619	2.297	0.01200000000000001
