P_infect = 0.5 P_initial_infect = 0.001 Runs per marginal node = 200000
Node ID	Reward so Far	Marginal gain	Runtime (minutes)
453	0.544905	0.544905
1144	0.548865	0.00396	2.96329999765
278	0.551165	0.0023	3.08876666625
984	0.55234	0.001175	3.21126666466
1287	0.553495	0.001155	3.45784999927
1874	0.55464	0.001145	3.58174999952
480	0.55569	0.00105	3.70108333429
1301	0.5562	0.00051	3.94391666651
808	0.55691	0.00071	4.06358333429
1996	0.557625	0.000715	4.18475000064
1706	0.55798	0.000355	4.36715000073
993	0.558335	0.000355	4.48853333394
1159	0.558675	0.00034	4.60949999889
301	0.55897	0.000295	4.73271666765
1753	0.55915	0.00018	4.9189500014
1493	0.55992	0.00077	5.04008333286
1669	0.56006	0.00014	5.28410000006
1792	0.56014	8e-05	5.47285000086
465	0.560215	7.5e-05	5.59791666667
1587	0.560245	3e-05	5.99004999797
1987	0.56026	1.5e-05	6.42553333441
713	0.56027	1.00000000001e-05	6.73998333216
1876	0.56041	0.00014	6.86863333384
1377	0.566375	0.005965	6.99318333467
1365	0.56659	0.000215	7.11918333371
702	0.566595	4.99999999992e-06	7.87853333155
1998	0.5666	5.00000000003e-06	8.00923333168
547	0.573535	0.006935	8.1464166681
1258	0.57354	5.00000000003e-06	8.34823333422
71	0.57383	0.00029	8.4860833327
1	0.57383	0.0	8.68689999978
396	0.57419	0.00036	8.82056666613
1963	0.57419	0.0	8.96056666772
1539	0.574505	0.000315	9.09663333098
1979	0.575035	0.00053	9.23609999816
146	0.57554	0.000505	9.37173333168
1995	0.57555	9.99999999995e-06	9.50949999889
903	0.57555	0.0	9.64414999882
1011	0.575555	5.00000000003e-06	9.78611666759
1550	0.575555	0.0	9.92316666444
1274	0.57581	0.000255	10.0625333309
403	0.57581	0.0	10.2012500008
1323	0.57581	0.0	10.338166666
691	0.57581	0.0	10.4845166643
265	0.57599	0.00018	10.6277333339
1942	0.57599	0.0	10.7691166679
217	0.57599	0.0	10.9092500011
1670	0.57599	0.0	11.0453666647
675	0.576075	8.5e-05	11.1779000004
656	0.576075	0.0	11.3118666649
