P_infect = 0.3 P_initial_infect = 0.001 Runs per marginal node = 200000
Node ID	Reward so Far	Marginal gain
453	0.44552	0.44552
1144	0.45061	0.00509
278	0.452675	0.002065
1287	0.45408	0.001405
1874	0.455225	0.001145
480	0.456305	0.00108
984	0.45721	0.000905
1706	0.457985	0.000775
808	0.45892	0.000935
1996	0.459725	0.000805
1301	0.46047	0.000745
993	0.461115	0.000645
301	0.46154	0.000425
1159	0.461865	0.000325
1753	0.462155	0.00029
1493	0.463025	0.00087
1669	0.46329	0.000265
713	0.463475	0.000185
465	0.46362	0.000145
1792	0.463685	6.5e-05
1987	0.46375	6.5e-05
457	0.46381	6e-05
1876	0.463935	0.000125
1377	0.468495	0.00456
1365	0.469	0.000505
411	0.469055	5.5e-05
1587	0.46909	3.5e-05
547	0.4755	0.00641
1258	0.47553	3e-05
71	0.47609	0.00056
702	0.47611	2e-05
396	0.476585	0.000475
1751	0.4766	1.5e-05
1539	0.477105	0.000505
1979	0.47791	0.000805
146	0.47857	0.00066
1995	0.47863	6e-05
1833	0.47864	1e-05
1011	0.47869	5e-05
344	0.4787	1e-05
1274	0.479245	0.000545
1768	0.479255	1e-05
1522	0.47926	5.00000000003e-06
1	0.47926	0.0
265	0.47971	0.00045
1963	0.47971	0.0
903	0.47971	0.0
1670	0.47971	0.0
675	0.48	0.00029
1550	0.48	0.0
